# NEST version: 3.8.0
# RecordingBackendASCII version: 2
sender	time_ms	V_m
425	24001.000	-70.000
425	24002.000	-70.000
425	24003.000	-70.000
425	24004.000	-70.000
425	24005.000	-70.000
425	24006.000	-70.000
425	24007.000	-70.000
425	24008.000	-70.000
425	24009.000	-70.000
425	24010.000	-70.000
425	24011.000	-70.000
425	24012.000	-70.000
425	24013.000	-70.000
425	24014.000	-70.000
425	24015.000	-70.000
425	24016.000	-70.000
425	24017.000	-70.000
425	24018.000	-70.000
425	24019.000	-70.000
425	24020.000	-70.000
425	24021.000	-70.000
425	24022.000	-70.000
425	24023.000	-70.000
425	24024.000	-70.000
425	24025.000	-70.000
425	24026.000	-70.000
425	24027.000	-70.000
425	24028.000	-70.000
425	24029.000	-70.000
425	24030.000	-70.000
425	24031.000	-70.000
425	24032.000	-70.000
425	24033.000	-70.000
425	24034.000	-70.000
425	24035.000	-70.000
425	24036.000	-70.000
425	24037.000	-70.000
425	24038.000	-70.000
425	24039.000	-70.000
425	24040.000	-70.000
425	24041.000	-70.000
425	24042.000	-70.000
425	24043.000	-70.000
425	24044.000	-70.000
425	24045.000	-70.000
425	24046.000	-70.000
425	24047.000	-70.000
425	24048.000	-70.000
425	24049.000	-70.000
425	24050.000	-70.000
425	24051.000	-70.000
425	24052.000	-70.000
425	24053.000	-70.000
425	24054.000	-70.000
425	24055.000	-70.000
425	24056.000	-70.000
425	24057.000	-70.000
425	24058.000	-70.000
425	24059.000	-70.000
425	24060.000	-70.000
425	24061.000	-69.979
425	24062.000	-69.915
425	24063.000	-69.848
425	24064.000	-69.796
425	24065.000	-69.762
425	24066.000	-69.745
425	24067.000	-69.740
425	24068.000	-69.744
425	24069.000	-69.755
425	24070.000	-69.768
425	24071.000	-69.784
425	24072.000	-69.800
425	24073.000	-69.816
425	24074.000	-69.832
425	24075.000	-69.847
425	24076.000	-69.861
425	24077.000	-69.873
425	24078.000	-69.885
425	24079.000	-69.896
425	24080.000	-69.906
425	24081.000	-69.914
425	24082.000	-69.923
425	24083.000	-69.930
425	24084.000	-69.937
425	24085.000	-69.943
425	24086.000	-69.948
425	24087.000	-69.953
425	24088.000	-69.957
425	24089.000	-69.961
425	24090.000	-69.965
425	24091.000	-69.968
425	24092.000	-69.971
425	24093.000	-69.974
425	24094.000	-69.977
425	24095.000	-69.979
425	24096.000	-69.981
425	24097.000	-69.983
425	24098.000	-69.984
425	24099.000	-69.986
425	24100.000	-69.987
425	24101.000	-69.988
425	24102.000	-69.989
425	24103.000	-69.990
425	24104.000	-69.991
425	24105.000	-69.992
425	24106.000	-69.993
425	24107.000	-69.994
425	24108.000	-69.994
425	24109.000	-69.995
425	24110.000	-69.995
425	24111.000	-69.996
425	24112.000	-69.996
425	24113.000	-69.997
425	24114.000	-69.997
425	24115.000	-69.997
425	24116.000	-69.997
425	24117.000	-69.998
425	24118.000	-69.998
425	24119.000	-69.998
425	24120.000	-69.998
425	24121.000	-69.998
425	24122.000	-69.991
425	24123.000	-69.934
425	24124.000	-69.865
425	24125.000	-69.808
425	24126.000	-69.769
425	24127.000	-69.747
425	24128.000	-69.740
425	24129.000	-69.742
425	24130.000	-69.750
425	24131.000	-69.763
425	24132.000	-69.779
425	24133.000	-69.795
425	24134.000	-69.811
425	24135.000	-69.827
425	24136.000	-69.842
425	24137.000	-69.856
425	24138.000	-69.869
425	24139.000	-69.881
425	24140.000	-69.892
425	24141.000	-69.902
425	24142.000	-69.912
425	24143.000	-69.920
425	24144.000	-69.928
425	24145.000	-69.934
425	24146.000	-69.941
425	24147.000	-69.946
425	24148.000	-69.951
425	24149.000	-69.956
425	24150.000	-69.960
425	24151.000	-69.964
425	24152.000	-69.967
425	24153.000	-69.971
425	24154.000	-69.973
425	24155.000	-69.976
425	24156.000	-69.978
425	24157.000	-69.980
425	24158.000	-69.982
425	24159.000	-69.984
425	24160.000	-69.985
425	24161.000	-69.987
425	24162.000	-69.988
425	24163.000	-69.989
425	24164.000	-69.990
425	24165.000	-69.991
425	24166.000	-69.992
425	24167.000	-69.993
425	24168.000	-69.993
425	24169.000	-69.994
425	24170.000	-69.995
425	24171.000	-69.995
425	24172.000	-69.996
425	24173.000	-69.996
425	24174.000	-69.996
425	24175.000	-69.997
425	24176.000	-69.997
425	24177.000	-69.997
425	24178.000	-69.998
425	24179.000	-69.998
425	24180.000	-69.998
425	24181.000	-69.998
425	24182.000	-69.998
425	24183.000	-69.998
425	24184.000	-69.954
425	24185.000	-69.886
425	24186.000	-69.824
425	24187.000	-69.779
425	24188.000	-69.752
425	24189.000	-69.741
425	24190.000	-69.740
425	24191.000	-69.747
425	24192.000	-69.759
425	24193.000	-69.774
425	24194.000	-69.790
425	24195.000	-69.806
425	24196.000	-69.822
425	24197.000	-69.838
425	24198.000	-69.852
425	24199.000	-69.865
425	24200.000	-69.878
425	24201.000	-69.889
425	24202.000	-69.900
425	24203.000	-69.909
425	24204.000	-69.918
425	24205.000	-69.925
425	24206.000	-69.932
425	24207.000	-69.939
425	24208.000	-69.945
425	24209.000	-69.950
425	24210.000	-69.955
425	24211.000	-69.959
425	24212.000	-69.963
425	24213.000	-69.966
425	24214.000	-69.970
425	24215.000	-69.973
425	24216.000	-69.975
425	24217.000	-69.977
425	24218.000	-69.980
425	24219.000	-69.982
425	24220.000	-69.983
425	24221.000	-69.985
425	24222.000	-69.986
425	24223.000	-69.988
425	24224.000	-69.989
425	24225.000	-69.990
425	24226.000	-69.991
425	24227.000	-69.992
425	24228.000	-69.993
425	24229.000	-69.993
425	24230.000	-69.994
425	24231.000	-69.994
425	24232.000	-69.995
425	24233.000	-69.995
425	24234.000	-69.996
425	24235.000	-69.996
425	24236.000	-69.997
425	24237.000	-69.997
425	24238.000	-69.997
425	24239.000	-69.998
425	24240.000	-69.998
425	24241.000	-69.998
425	24242.000	-69.998
425	24243.000	-69.998
425	24244.000	-69.998
425	24245.000	-69.973
425	24246.000	-69.906
425	24247.000	-69.841
425	24248.000	-69.790
425	24249.000	-69.759
425	24250.000	-69.743
425	24251.000	-69.739
425	24252.000	-69.744
425	24253.000	-69.755
425	24254.000	-69.769
425	24255.000	-69.785
425	24256.000	-69.801
425	24257.000	-69.818
425	24258.000	-69.833
425	24259.000	-69.848
425	24260.000	-69.862
425	24261.000	-69.874
425	24262.000	-69.886
425	24263.000	-69.897
425	24264.000	-69.906
425	24265.000	-69.915
425	24266.000	-69.923
425	24267.000	-69.930
425	24268.000	-69.937
425	24269.000	-69.943
425	24270.000	-69.948
425	24271.000	-69.953
425	24272.000	-69.958
425	24273.000	-69.962
425	24274.000	-69.965
425	24275.000	-69.969
425	24276.000	-69.972
425	24277.000	-69.974
425	24278.000	-69.977
425	24279.000	-69.979
425	24280.000	-69.981
425	24281.000	-69.983
425	24282.000	-69.984
425	24283.000	-69.986
425	24284.000	-69.987
425	24285.000	-69.988
425	24286.000	-69.990
425	24287.000	-69.991
425	24288.000	-69.991
425	24289.000	-69.992
425	24290.000	-69.993
425	24291.000	-69.994
425	24292.000	-69.994
425	24293.000	-69.995
425	24294.000	-69.995
425	24295.000	-69.996
425	24296.000	-69.996
425	24297.000	-69.997
425	24298.000	-69.997
425	24299.000	-69.997
425	24300.000	-69.997
425	24301.000	-69.998
425	24302.000	-69.998
425	24303.000	-69.998
425	24304.000	-69.998
425	24305.000	-69.998
425	24306.000	-69.987
425	24307.000	-69.927
425	24308.000	-69.859
425	24309.000	-69.803
425	24310.000	-69.766
425	24311.000	-69.746
425	24312.000	-69.739
425	24313.000	-69.742
425	24314.000	-69.752
425	24315.000	-69.765
425	24316.000	-69.780
425	24317.000	-69.796
425	24318.000	-69.813
425	24319.000	-69.829
425	24320.000	-69.844
425	24321.000	-69.858
425	24322.000	-69.871
425	24323.000	-69.883
425	24324.000	-69.893
425	24325.000	-69.903
425	24326.000	-69.913
425	24327.000	-69.921
425	24328.000	-69.928
425	24329.000	-69.935
425	24330.000	-69.941
425	24331.000	-69.947
425	24332.000	-69.952
425	24333.000	-69.956
425	24334.000	-69.961
425	24335.000	-69.964
425	24336.000	-69.968
425	24337.000	-69.971
425	24338.000	-69.974
425	24339.000	-69.976
425	24340.000	-69.978
425	24341.000	-69.980
425	24342.000	-69.982
425	24343.000	-69.984
425	24344.000	-69.986
425	24345.000	-69.987
425	24346.000	-69.988
425	24347.000	-69.989
425	24348.000	-69.990
425	24349.000	-69.991
425	24350.000	-69.992
425	24351.000	-69.993
425	24352.000	-69.993
425	24353.000	-69.994
425	24354.000	-69.995
425	24355.000	-69.995
425	24356.000	-69.996
425	24357.000	-69.996
425	24358.000	-69.996
425	24359.000	-69.997
425	24360.000	-69.997
425	24361.000	-69.997
425	24362.000	-69.998
425	24363.000	-69.998
425	24364.000	-69.998
425	24365.000	-69.998
425	24366.000	-69.998
425	24367.000	-69.997
425	24368.000	-69.948
425	24369.000	-69.879
425	24370.000	-69.818
425	24371.000	-69.776
425	24372.000	-69.751
425	24373.000	-69.740
425	24374.000	-69.741
425	24375.000	-69.748
425	24376.000	-69.761
425	24377.000	-69.775
425	24378.000	-69.792
425	24379.000	-69.808
425	24380.000	-69.824
425	24381.000	-69.839
425	24382.000	-69.853
425	24383.000	-69.867
425	24384.000	-69.879
425	24385.000	-69.890
425	24386.000	-69.901
425	24387.000	-69.910
425	24388.000	-69.918
425	24389.000	-69.926
425	24390.000	-69.933
425	24391.000	-69.939
425	24392.000	-69.945
425	24393.000	-69.950
425	24394.000	-69.955
425	24395.000	-69.959
425	24396.000	-69.963
425	24397.000	-69.967
425	24398.000	-69.970
425	24399.000	-69.973
425	24400.000	-69.975
425	24401.000	-69.978
425	24402.000	-69.980
425	24403.000	-69.982
425	24404.000	-69.983
425	24405.000	-69.985
425	24406.000	-69.986
425	24407.000	-69.988
425	24408.000	-69.989
425	24409.000	-69.990
425	24410.000	-69.991
425	24411.000	-69.992
425	24412.000	-69.993
425	24413.000	-69.993
425	24414.000	-69.994
425	24415.000	-69.995
425	24416.000	-69.995
425	24417.000	-69.996
425	24418.000	-69.996
425	24419.000	-69.996
425	24420.000	-69.997
425	24421.000	-69.997
425	24422.000	-69.997
425	24423.000	-69.998
425	24424.000	-69.998
425	24425.000	-69.998
425	24426.000	-69.998
425	24427.000	-69.998
425	24428.000	-69.999
425	24429.000	-69.967
425	24430.000	-69.899
425	24431.000	-69.835
425	24432.000	-69.786
425	24433.000	-69.756
425	24434.000	-69.742
425	24435.000	-69.740
425	24436.000	-69.745
425	24437.000	-69.757
425	24438.000	-69.771
425	24439.000	-69.787
425	24440.000	-69.803
425	24441.000	-69.819
425	24442.000	-69.835
425	24443.000	-69.849
425	24444.000	-69.863
425	24445.000	-69.875
425	24446.000	-69.887
425	24447.000	-69.898
425	24448.000	-69.907
425	24449.000	-69.916
425	24450.000	-69.924
425	24451.000	-69.931
425	24452.000	-69.938
425	24453.000	-69.944
425	24454.000	-69.949
425	24455.000	-69.954
425	24456.000	-69.958
425	24457.000	-69.962
425	24458.000	-69.966
425	24459.000	-69.969
425	24460.000	-69.972
425	24461.000	-69.975
425	24462.000	-69.977
425	24463.000	-69.979
425	24464.000	-69.981
425	24465.000	-69.983
425	24466.000	-69.985
425	24467.000	-69.986
425	24468.000	-69.987
425	24469.000	-69.989
425	24470.000	-69.990
425	24471.000	-69.991
425	24472.000	-69.992
425	24473.000	-69.992
425	24474.000	-69.993
425	24475.000	-69.994
425	24476.000	-69.994
425	24477.000	-69.995
425	24478.000	-69.995
425	24479.000	-69.996
425	24480.000	-69.996
425	24481.000	-69.997
425	24482.000	-69.997
425	24483.000	-69.997
425	24484.000	-69.997
425	24485.000	-69.998
425	24486.000	-69.998
425	24487.000	-69.998
425	24488.000	-69.998
425	24489.000	-69.998
425	24490.000	-69.983
425	24491.000	-69.920
425	24492.000	-69.853
425	24493.000	-69.799
425	24494.000	-69.764
425	24495.000	-69.745
425	24496.000	-69.739
425	24497.000	-69.743
425	24498.000	-69.753
425	24499.000	-69.766
425	24500.000	-69.782
425	24501.000	-69.798
425	24502.000	-69.814
425	24503.000	-69.830
425	24504.000	-69.845
425	24505.000	-69.859
425	24506.000	-69.872
425	24507.000	-69.884
425	24508.000	-69.895
425	24509.000	-69.904
425	24510.000	-69.913
425	24511.000	-69.922
425	24512.000	-69.929
425	24513.000	-69.936
425	24514.000	-69.942
425	24515.000	-69.947
425	24516.000	-69.952
425	24517.000	-69.957
425	24518.000	-69.961
425	24519.000	-69.965
425	24520.000	-69.968
425	24521.000	-69.971
425	24522.000	-69.974
425	24523.000	-69.976
425	24524.000	-69.979
425	24525.000	-69.981
425	24526.000	-69.982
425	24527.000	-69.984
425	24528.000	-69.986
425	24529.000	-69.987
425	24530.000	-69.988
425	24531.000	-69.989
425	24532.000	-69.990
425	24533.000	-69.991
425	24534.000	-69.992
425	24535.000	-69.993
425	24536.000	-69.994
425	24537.000	-69.994
425	24538.000	-69.995
425	24539.000	-69.995
425	24540.000	-69.996
425	24541.000	-69.996
425	24542.000	-69.996
425	24543.000	-69.997
425	24544.000	-69.997
425	24545.000	-69.997
425	24546.000	-69.998
425	24547.000	-69.998
425	24548.000	-69.998
425	24549.000	-69.998
425	24550.000	-69.998
425	24551.000	-69.994
425	24552.000	-69.941
425	24553.000	-69.872
425	24554.000	-69.813
425	24555.000	-69.772
425	24556.000	-69.749
425	24557.000	-69.740
425	24558.000	-69.741
425	24559.000	-69.749
425	24560.000	-69.762
425	24561.000	-69.777
425	24562.000	-69.793
425	24563.000	-69.810
425	24564.000	-69.825
425	24565.000	-69.841
425	24566.000	-69.855
425	24567.000	-69.868
425	24568.000	-69.880
425	24569.000	-69.891
425	24570.000	-69.902
425	24571.000	-69.911
425	24572.000	-69.919
425	24573.000	-69.927
425	24574.000	-69.934
425	24575.000	-69.940
425	24576.000	-69.946
425	24577.000	-69.951
425	24578.000	-69.956
425	24579.000	-69.960
425	24580.000	-69.964
425	24581.000	-69.967
425	24582.000	-69.970
425	24583.000	-69.973
425	24584.000	-69.976
425	24585.000	-69.978
425	24586.000	-69.980
425	24587.000	-69.982
425	24588.000	-69.984
425	24589.000	-69.985
425	24590.000	-69.987
425	24591.000	-69.988
425	24592.000	-69.989
425	24593.000	-69.990
425	24594.000	-69.991
425	24595.000	-69.992
425	24596.000	-69.993
425	24597.000	-69.993
425	24598.000	-69.994
425	24599.000	-69.995
425	24600.000	-69.995
425	24601.000	-69.996
425	24602.000	-69.996
425	24603.000	-69.996
425	24604.000	-69.997
425	24605.000	-69.997
425	24606.000	-69.997
425	24607.000	-69.998
425	24608.000	-69.998
425	24609.000	-69.998
425	24610.000	-69.998
425	24611.000	-69.998
425	24612.000	-69.999
425	24613.000	-69.961
425	24614.000	-69.892
425	24615.000	-69.829
425	24616.000	-69.783
425	24617.000	-69.754
425	24618.000	-69.741
425	24619.000	-69.740
425	24620.000	-69.746
425	24621.000	-69.758
425	24622.000	-69.772
425	24623.000	-69.788
425	24624.000	-69.805
425	24625.000	-69.821
425	24626.000	-69.836
425	24627.000	-69.851
425	24628.000	-69.864
425	24629.000	-69.877
425	24630.000	-69.888
425	24631.000	-69.899
425	24632.000	-69.908
425	24633.000	-69.917
425	24634.000	-69.925
425	24635.000	-69.932
425	24636.000	-69.938
425	24637.000	-69.944
425	24638.000	-69.949
425	24639.000	-69.954
425	24640.000	-69.959
425	24641.000	-69.963
425	24642.000	-69.966
425	24643.000	-69.969
425	24644.000	-69.972
425	24645.000	-69.975
425	24646.000	-69.977
425	24647.000	-69.979
425	24648.000	-69.981
425	24649.000	-69.983
425	24650.000	-69.985
425	24651.000	-69.986
425	24652.000	-69.988
425	24653.000	-69.989
425	24654.000	-69.990
425	24655.000	-69.991
425	24656.000	-69.992
425	24657.000	-69.992
425	24658.000	-69.993
425	24659.000	-69.994
425	24660.000	-69.994
425	24661.000	-69.995
425	24662.000	-69.995
425	24663.000	-69.996
425	24664.000	-69.996
425	24665.000	-69.997
425	24666.000	-69.997
425	24667.000	-69.997
425	24668.000	-69.997
425	24669.000	-69.998
425	24670.000	-69.998
425	24671.000	-69.998
425	24672.000	-69.998
425	24673.000	-69.998
425	24674.000	-69.978
425	24675.000	-69.913
425	24676.000	-69.847
425	24677.000	-69.795
425	24678.000	-69.761
425	24679.000	-69.744
425	24680.000	-69.739
425	24681.000	-69.744
425	24682.000	-69.754
425	24683.000	-69.768
425	24684.000	-69.783
425	24685.000	-69.800
425	24686.000	-69.816
425	24687.000	-69.832
425	24688.000	-69.846
425	24689.000	-69.860
425	24690.000	-69.873
425	24691.000	-69.885
425	24692.000	-69.896
425	24693.000	-69.905
425	24694.000	-69.914
425	24695.000	-69.922
425	24696.000	-69.930
425	24697.000	-69.936
425	24698.000	-69.942
425	24699.000	-69.948
425	24700.000	-69.953
425	24701.000	-69.957
425	24702.000	-69.961
425	24703.000	-69.965
425	24704.000	-69.968
425	24705.000	-69.971
425	24706.000	-69.974
425	24707.000	-69.977
425	24708.000	-69.979
425	24709.000	-69.981
425	24710.000	-69.983
425	24711.000	-69.984
425	24712.000	-69.986
425	24713.000	-69.987
425	24714.000	-69.988
425	24715.000	-69.989
425	24716.000	-69.990
425	24717.000	-69.991
425	24718.000	-69.992
425	24719.000	-69.993
425	24720.000	-69.994
425	24721.000	-69.994
425	24722.000	-69.995
425	24723.000	-69.995
425	24724.000	-69.996
425	24725.000	-69.996
425	24726.000	-69.996
425	24727.000	-69.997
425	24728.000	-69.997
425	24729.000	-69.997
425	24730.000	-69.998
425	24731.000	-69.998
425	24732.000	-69.998
425	24733.000	-69.998
425	24734.000	-69.998
425	24735.000	-69.991
425	24736.000	-69.934
425	24737.000	-69.865
425	24738.000	-69.808
425	24739.000	-69.769
425	24740.000	-69.747
425	24741.000	-69.740
425	24742.000	-69.742
425	24743.000	-69.750
425	24744.000	-69.763
425	24745.000	-69.779
425	24746.000	-69.795
425	24747.000	-69.811
425	24748.000	-69.827
425	24749.000	-69.842
425	24750.000	-69.856
425	24751.000	-69.869
425	24752.000	-69.881
425	24753.000	-69.892
425	24754.000	-69.902
425	24755.000	-69.912
425	24756.000	-69.920
425	24757.000	-69.928
425	24758.000	-69.934
425	24759.000	-69.941
425	24760.000	-69.946
425	24761.000	-69.951
425	24762.000	-69.956
425	24763.000	-69.960
425	24764.000	-69.964
425	24765.000	-69.967
425	24766.000	-69.971
425	24767.000	-69.973
425	24768.000	-69.976
425	24769.000	-69.978
425	24770.000	-69.980
425	24771.000	-69.982
425	24772.000	-69.984
425	24773.000	-69.985
425	24774.000	-69.987
425	24775.000	-69.988
425	24776.000	-69.989
425	24777.000	-69.990
425	24778.000	-69.991
425	24779.000	-69.992
425	24780.000	-69.993
425	24781.000	-69.993
425	24782.000	-69.994
425	24783.000	-69.995
425	24784.000	-69.995
425	24785.000	-69.996
425	24786.000	-69.996
425	24787.000	-69.996
425	24788.000	-69.997
425	24789.000	-69.997
425	24790.000	-69.997
425	24791.000	-69.998
425	24792.000	-69.998
425	24793.000	-69.998
425	24794.000	-69.998
425	24795.000	-69.998
425	24796.000	-69.998
425	24797.000	-69.954
425	24798.000	-69.886
425	24799.000	-69.824
425	24800.000	-69.779
425	24801.000	-69.752
425	24802.000	-69.741
425	24803.000	-69.740
425	24804.000	-69.747
425	24805.000	-69.759
425	24806.000	-69.774
425	24807.000	-69.790
425	24808.000	-69.806
425	24809.000	-69.822
425	24810.000	-69.838
425	24811.000	-69.852
425	24812.000	-69.865
425	24813.000	-69.878
425	24814.000	-69.889
425	24815.000	-69.900
425	24816.000	-69.909
425	24817.000	-69.918
425	24818.000	-69.925
425	24819.000	-69.932
425	24820.000	-69.939
425	24821.000	-69.945
425	24822.000	-69.950
425	24823.000	-69.955
425	24824.000	-69.959
425	24825.000	-69.963
425	24826.000	-69.966
425	24827.000	-69.970
425	24828.000	-69.973
425	24829.000	-69.975
425	24830.000	-69.977
425	24831.000	-69.980
425	24832.000	-69.982
425	24833.000	-69.983
425	24834.000	-69.985
425	24835.000	-69.986
425	24836.000	-69.988
425	24837.000	-69.989
425	24838.000	-69.990
425	24839.000	-69.991
425	24840.000	-69.992
425	24841.000	-69.993
425	24842.000	-69.993
425	24843.000	-69.994
425	24844.000	-69.994
425	24845.000	-69.995
425	24846.000	-69.995
425	24847.000	-69.996
425	24848.000	-69.996
425	24849.000	-69.997
425	24850.000	-69.997
425	24851.000	-69.997
425	24852.000	-69.998
425	24853.000	-69.998
425	24854.000	-69.998
425	24855.000	-69.998
425	24856.000	-69.998
425	24857.000	-69.998
425	24858.000	-69.973
425	24859.000	-69.906
425	24860.000	-69.841
425	24861.000	-69.790
425	24862.000	-69.759
425	24863.000	-69.743
425	24864.000	-69.739
425	24865.000	-69.744
425	24866.000	-69.755
425	24867.000	-69.769
425	24868.000	-69.785
425	24869.000	-69.801
425	24870.000	-69.818
425	24871.000	-69.833
425	24872.000	-69.848
425	24873.000	-69.862
425	24874.000	-69.874
425	24875.000	-69.886
425	24876.000	-69.897
425	24877.000	-69.906
425	24878.000	-69.915
425	24879.000	-69.923
425	24880.000	-69.930
425	24881.000	-69.937
425	24882.000	-69.943
425	24883.000	-69.948
425	24884.000	-69.953
425	24885.000	-69.958
425	24886.000	-69.962
425	24887.000	-69.965
425	24888.000	-69.969
425	24889.000	-69.972
425	24890.000	-69.974
425	24891.000	-69.977
425	24892.000	-69.979
425	24893.000	-69.981
425	24894.000	-69.983
425	24895.000	-69.984
425	24896.000	-69.986
425	24897.000	-69.987
425	24898.000	-69.988
425	24899.000	-69.990
425	24900.000	-69.991
425	24901.000	-69.991
425	24902.000	-69.992
425	24903.000	-69.993
425	24904.000	-69.994
425	24905.000	-69.994
425	24906.000	-69.995
425	24907.000	-69.995
425	24908.000	-69.996
425	24909.000	-69.996
425	24910.000	-69.997
425	24911.000	-69.997
425	24912.000	-69.997
425	24913.000	-69.997
425	24914.000	-69.998
425	24915.000	-69.998
425	24916.000	-69.998
425	24917.000	-69.998
425	24918.000	-69.998
425	24919.000	-69.987
425	24920.000	-69.927
425	24921.000	-69.859
425	24922.000	-69.803
425	24923.000	-69.766
425	24924.000	-69.746
425	24925.000	-69.739
425	24926.000	-69.742
425	24927.000	-69.752
425	24928.000	-69.765
425	24929.000	-69.780
425	24930.000	-69.796
425	24931.000	-69.813
425	24932.000	-69.829
425	24933.000	-69.844
425	24934.000	-69.858
425	24935.000	-69.871
425	24936.000	-69.883
425	24937.000	-69.893
425	24938.000	-69.903
425	24939.000	-69.913
425	24940.000	-69.921
425	24941.000	-69.928
425	24942.000	-69.935
425	24943.000	-69.941
425	24944.000	-69.947
425	24945.000	-69.952
425	24946.000	-69.956
425	24947.000	-69.961
425	24948.000	-69.964
425	24949.000	-69.968
425	24950.000	-69.971
425	24951.000	-69.974
425	24952.000	-69.976
425	24953.000	-69.978
425	24954.000	-69.980
425	24955.000	-69.982
425	24956.000	-69.984
425	24957.000	-69.986
425	24958.000	-69.987
425	24959.000	-69.988
425	24960.000	-69.989
425	24961.000	-69.990
425	24962.000	-69.991
425	24963.000	-69.992
425	24964.000	-69.993
425	24965.000	-69.993
425	24966.000	-69.994
425	24967.000	-69.995
425	24968.000	-69.995
425	24969.000	-69.996
425	24970.000	-69.996
425	24971.000	-69.996
425	24972.000	-69.997
425	24973.000	-69.997
425	24974.000	-69.997
425	24975.000	-69.998
425	24976.000	-69.998
425	24977.000	-69.998
425	24978.000	-69.998
425	24979.000	-69.998
425	24980.000	-69.997
425	24981.000	-69.948
425	24982.000	-69.879
425	24983.000	-69.818
425	24984.000	-69.776
425	24985.000	-69.751
425	24986.000	-69.740
425	24987.000	-69.741
425	24988.000	-69.748
425	24989.000	-69.761
425	24990.000	-69.775
425	24991.000	-69.792
425	24992.000	-69.808
425	24993.000	-69.824
425	24994.000	-69.839
425	24995.000	-69.853
425	24996.000	-69.867
425	24997.000	-69.879
425	24998.000	-69.890
425	24999.000	-69.901
425	25000.000	-69.910
425	25001.000	-69.918
425	25002.000	-69.926
425	25003.000	-69.933
425	25004.000	-69.939
425	25005.000	-69.945
425	25006.000	-69.950
425	25007.000	-69.955
425	25008.000	-69.959
425	25009.000	-69.963
425	25010.000	-69.967
425	25011.000	-69.970
425	25012.000	-69.973
425	25013.000	-69.975
425	25014.000	-69.978
425	25015.000	-69.980
425	25016.000	-69.982
425	25017.000	-69.983
425	25018.000	-69.985
425	25019.000	-69.986
425	25020.000	-69.988
425	25021.000	-69.989
425	25022.000	-69.990
425	25023.000	-69.991
425	25024.000	-69.992
425	25025.000	-69.993
425	25026.000	-69.993
425	25027.000	-69.994
425	25028.000	-69.995
425	25029.000	-69.995
425	25030.000	-69.996
425	25031.000	-69.996
425	25032.000	-69.996
425	25033.000	-69.997
425	25034.000	-69.997
425	25035.000	-69.997
425	25036.000	-69.998
425	25037.000	-69.998
425	25038.000	-69.998
425	25039.000	-69.998
425	25040.000	-69.998
425	25041.000	-69.999
425	25042.000	-69.967
425	25043.000	-69.899
425	25044.000	-69.835
425	25045.000	-69.786
425	25046.000	-69.756
425	25047.000	-69.742
425	25048.000	-69.740
425	25049.000	-69.745
425	25050.000	-69.757
425	25051.000	-69.771
425	25052.000	-69.787
425	25053.000	-69.803
425	25054.000	-69.819
425	25055.000	-69.835
425	25056.000	-69.849
425	25057.000	-69.863
425	25058.000	-69.875
425	25059.000	-69.887
425	25060.000	-69.898
425	25061.000	-69.907
425	25062.000	-69.916
425	25063.000	-69.924
425	25064.000	-69.931
425	25065.000	-69.938
425	25066.000	-69.944
425	25067.000	-69.949
425	25068.000	-69.954
425	25069.000	-69.958
425	25070.000	-69.962
425	25071.000	-69.966
425	25072.000	-69.969
425	25073.000	-69.972
425	25074.000	-69.975
425	25075.000	-69.977
425	25076.000	-69.979
425	25077.000	-69.981
425	25078.000	-69.983
425	25079.000	-69.985
425	25080.000	-69.986
425	25081.000	-69.987
425	25082.000	-69.989
425	25083.000	-69.990
425	25084.000	-69.991
425	25085.000	-69.992
425	25086.000	-69.992
425	25087.000	-69.993
425	25088.000	-69.994
425	25089.000	-69.994
425	25090.000	-69.995
425	25091.000	-69.995
425	25092.000	-69.996
425	25093.000	-69.996
425	25094.000	-69.997
425	25095.000	-69.997
425	25096.000	-69.997
425	25097.000	-69.997
425	25098.000	-69.998
425	25099.000	-69.998
425	25100.000	-69.998
425	25101.000	-69.998
425	25102.000	-69.998
425	25103.000	-69.983
425	25104.000	-69.920
425	25105.000	-69.853
425	25106.000	-69.799
425	25107.000	-69.764
425	25108.000	-69.745
425	25109.000	-69.739
425	25110.000	-69.743
425	25111.000	-69.753
425	25112.000	-69.766
425	25113.000	-69.782
425	25114.000	-69.798
425	25115.000	-69.814
425	25116.000	-69.830
425	25117.000	-69.845
425	25118.000	-69.859
425	25119.000	-69.872
425	25120.000	-69.884
425	25121.000	-69.895
425	25122.000	-69.904
425	25123.000	-69.913
425	25124.000	-69.922
425	25125.000	-69.929
425	25126.000	-69.936
425	25127.000	-69.942
425	25128.000	-69.947
425	25129.000	-69.952
425	25130.000	-69.957
425	25131.000	-69.961
425	25132.000	-69.965
425	25133.000	-69.968
425	25134.000	-69.971
425	25135.000	-69.974
425	25136.000	-69.976
425	25137.000	-69.979
425	25138.000	-69.981
425	25139.000	-69.982
425	25140.000	-69.984
425	25141.000	-69.986
425	25142.000	-69.987
425	25143.000	-69.988
425	25144.000	-69.989
425	25145.000	-69.990
425	25146.000	-69.991
425	25147.000	-69.992
425	25148.000	-69.993
425	25149.000	-69.994
425	25150.000	-69.994
425	25151.000	-69.995
425	25152.000	-69.995
425	25153.000	-69.996
425	25154.000	-69.996
425	25155.000	-69.996
425	25156.000	-69.997
425	25157.000	-69.997
425	25158.000	-69.997
425	25159.000	-69.998
425	25160.000	-69.998
425	25161.000	-69.998
425	25162.000	-69.998
425	25163.000	-69.998
425	25164.000	-69.994
425	25165.000	-69.941
425	25166.000	-69.872
425	25167.000	-69.813
425	25168.000	-69.772
425	25169.000	-69.749
425	25170.000	-69.740
425	25171.000	-69.741
425	25172.000	-69.749
425	25173.000	-69.762
425	25174.000	-69.777
425	25175.000	-69.793
425	25176.000	-69.810
425	25177.000	-69.825
425	25178.000	-69.841
425	25179.000	-69.855
425	25180.000	-69.868
425	25181.000	-69.880
425	25182.000	-69.891
425	25183.000	-69.902
425	25184.000	-69.911
425	25185.000	-69.919
425	25186.000	-69.927
425	25187.000	-69.934
425	25188.000	-69.940
425	25189.000	-69.946
425	25190.000	-69.951
425	25191.000	-69.956
425	25192.000	-69.960
425	25193.000	-69.964
425	25194.000	-69.967
425	25195.000	-69.970
425	25196.000	-69.973
425	25197.000	-69.976
425	25198.000	-69.978
425	25199.000	-69.980
425	25200.000	-69.982
425	25201.000	-69.984
425	25202.000	-69.985
425	25203.000	-69.987
425	25204.000	-69.988
425	25205.000	-69.989
425	25206.000	-69.990
425	25207.000	-69.991
425	25208.000	-69.992
425	25209.000	-69.993
425	25210.000	-69.993
425	25211.000	-69.994
425	25212.000	-69.995
425	25213.000	-69.995
425	25214.000	-69.996
425	25215.000	-69.996
425	25216.000	-69.996
425	25217.000	-69.997
425	25218.000	-69.997
425	25219.000	-69.997
425	25220.000	-69.998
425	25221.000	-69.998
425	25222.000	-69.998
425	25223.000	-69.998
425	25224.000	-69.998
425	25225.000	-69.999
425	25226.000	-69.961
425	25227.000	-69.892
425	25228.000	-69.829
425	25229.000	-69.783
425	25230.000	-69.754
425	25231.000	-69.741
425	25232.000	-69.740
425	25233.000	-69.746
425	25234.000	-69.758
425	25235.000	-69.772
425	25236.000	-69.788
425	25237.000	-69.805
425	25238.000	-69.821
425	25239.000	-69.836
425	25240.000	-69.851
425	25241.000	-69.864
425	25242.000	-69.877
425	25243.000	-69.888
425	25244.000	-69.899
425	25245.000	-69.908
425	25246.000	-69.917
425	25247.000	-69.925
425	25248.000	-69.932
425	25249.000	-69.938
425	25250.000	-69.944
425	25251.000	-69.949
425	25252.000	-69.954
425	25253.000	-69.959
425	25254.000	-69.963
425	25255.000	-69.966
425	25256.000	-69.969
425	25257.000	-69.972
425	25258.000	-69.975
425	25259.000	-69.977
425	25260.000	-69.979
425	25261.000	-69.981
425	25262.000	-69.983
425	25263.000	-69.985
425	25264.000	-69.986
425	25265.000	-69.988
425	25266.000	-69.989
425	25267.000	-69.990
425	25268.000	-69.991
425	25269.000	-69.992
425	25270.000	-69.992
425	25271.000	-69.993
425	25272.000	-69.994
425	25273.000	-69.994
425	25274.000	-69.995
425	25275.000	-69.995
425	25276.000	-69.996
425	25277.000	-69.996
425	25278.000	-69.997
425	25279.000	-69.997
425	25280.000	-69.997
425	25281.000	-69.997
425	25282.000	-69.998
425	25283.000	-69.998
425	25284.000	-69.998
425	25285.000	-69.998
425	25286.000	-69.998
425	25287.000	-69.978
425	25288.000	-69.913
425	25289.000	-69.847
425	25290.000	-69.795
425	25291.000	-69.761
425	25292.000	-69.744
425	25293.000	-69.739
425	25294.000	-69.744
425	25295.000	-69.754
425	25296.000	-69.768
425	25297.000	-69.783
425	25298.000	-69.800
425	25299.000	-69.816
425	25300.000	-69.832
425	25301.000	-69.846
425	25302.000	-69.860
425	25303.000	-69.873
425	25304.000	-69.885
425	25305.000	-69.896
425	25306.000	-69.905
425	25307.000	-69.914
425	25308.000	-69.922
425	25309.000	-69.930
425	25310.000	-69.936
425	25311.000	-69.942
425	25312.000	-69.948
425	25313.000	-69.953
425	25314.000	-69.957
425	25315.000	-69.961
425	25316.000	-69.965
425	25317.000	-69.968
425	25318.000	-69.971
425	25319.000	-69.974
425	25320.000	-69.977
425	25321.000	-69.979
425	25322.000	-69.981
425	25323.000	-69.983
425	25324.000	-69.984
425	25325.000	-69.986
425	25326.000	-69.987
425	25327.000	-69.988
425	25328.000	-69.989
425	25329.000	-69.990
425	25330.000	-69.991
425	25331.000	-69.992
425	25332.000	-69.993
425	25333.000	-69.994
425	25334.000	-69.994
425	25335.000	-69.995
425	25336.000	-69.995
425	25337.000	-69.996
425	25338.000	-69.996
425	25339.000	-69.996
425	25340.000	-69.997
425	25341.000	-69.997
425	25342.000	-69.997
425	25343.000	-69.998
425	25344.000	-69.998
425	25345.000	-69.998
425	25346.000	-69.998
425	25347.000	-69.998
425	25348.000	-69.991
425	25349.000	-69.934
425	25350.000	-69.865
425	25351.000	-69.808
425	25352.000	-69.769
425	25353.000	-69.747
425	25354.000	-69.740
425	25355.000	-69.742
425	25356.000	-69.750
425	25357.000	-69.763
425	25358.000	-69.779
425	25359.000	-69.795
425	25360.000	-69.811
425	25361.000	-69.827
425	25362.000	-69.842
425	25363.000	-69.856
425	25364.000	-69.869
425	25365.000	-69.881
425	25366.000	-69.892
425	25367.000	-69.902
425	25368.000	-69.912
425	25369.000	-69.920
425	25370.000	-69.928
425	25371.000	-69.934
425	25372.000	-69.941
425	25373.000	-69.946
425	25374.000	-69.951
425	25375.000	-69.956
425	25376.000	-69.960
425	25377.000	-69.964
425	25378.000	-69.967
425	25379.000	-69.971
425	25380.000	-69.973
425	25381.000	-69.976
425	25382.000	-69.978
425	25383.000	-69.980
425	25384.000	-69.982
425	25385.000	-69.984
425	25386.000	-69.985
425	25387.000	-69.987
425	25388.000	-69.988
425	25389.000	-69.989
425	25390.000	-69.990
425	25391.000	-69.991
425	25392.000	-69.992
425	25393.000	-69.993
425	25394.000	-69.993
425	25395.000	-69.994
425	25396.000	-69.995
425	25397.000	-69.995
425	25398.000	-69.996
425	25399.000	-69.996
425	25400.000	-69.996
425	25401.000	-69.997
425	25402.000	-69.997
425	25403.000	-69.997
425	25404.000	-69.998
425	25405.000	-69.998
425	25406.000	-69.998
425	25407.000	-69.998
425	25408.000	-69.998
425	25409.000	-69.998
425	25410.000	-69.954
425	25411.000	-69.886
425	25412.000	-69.824
425	25413.000	-69.779
425	25414.000	-69.752
425	25415.000	-69.741
425	25416.000	-69.740
425	25417.000	-69.747
425	25418.000	-69.759
425	25419.000	-69.774
425	25420.000	-69.790
425	25421.000	-69.806
425	25422.000	-69.822
425	25423.000	-69.838
425	25424.000	-69.852
425	25425.000	-69.865
425	25426.000	-69.878
425	25427.000	-69.889
425	25428.000	-69.900
425	25429.000	-69.909
425	25430.000	-69.918
425	25431.000	-69.925
425	25432.000	-69.932
425	25433.000	-69.939
425	25434.000	-69.945
425	25435.000	-69.950
425	25436.000	-69.955
425	25437.000	-69.959
425	25438.000	-69.963
425	25439.000	-69.966
425	25440.000	-69.970
425	25441.000	-69.973
425	25442.000	-69.975
425	25443.000	-69.977
425	25444.000	-69.980
425	25445.000	-69.982
425	25446.000	-69.983
425	25447.000	-69.985
425	25448.000	-69.986
425	25449.000	-69.988
425	25450.000	-69.989
425	25451.000	-69.990
425	25452.000	-69.991
425	25453.000	-69.992
425	25454.000	-69.993
425	25455.000	-69.993
425	25456.000	-69.994
425	25457.000	-69.994
425	25458.000	-69.995
425	25459.000	-69.995
425	25460.000	-69.996
425	25461.000	-69.996
425	25462.000	-69.997
425	25463.000	-69.997
425	25464.000	-69.997
425	25465.000	-69.998
425	25466.000	-69.998
425	25467.000	-69.998
425	25468.000	-69.998
425	25469.000	-69.998
425	25470.000	-69.998
425	25471.000	-69.973
425	25472.000	-69.906
425	25473.000	-69.841
425	25474.000	-69.790
425	25475.000	-69.759
425	25476.000	-69.743
425	25477.000	-69.739
425	25478.000	-69.744
425	25479.000	-69.755
425	25480.000	-69.769
425	25481.000	-69.785
425	25482.000	-69.801
425	25483.000	-69.818
425	25484.000	-69.833
425	25485.000	-69.848
425	25486.000	-69.862
425	25487.000	-69.874
425	25488.000	-69.886
425	25489.000	-69.897
425	25490.000	-69.906
425	25491.000	-69.915
425	25492.000	-69.923
425	25493.000	-69.930
425	25494.000	-69.937
425	25495.000	-69.943
425	25496.000	-69.948
425	25497.000	-69.953
425	25498.000	-69.958
425	25499.000	-69.962
425	25500.000	-69.965
425	25501.000	-69.969
425	25502.000	-69.972
425	25503.000	-69.974
425	25504.000	-69.977
425	25505.000	-69.979
425	25506.000	-69.981
425	25507.000	-69.983
425	25508.000	-69.984
425	25509.000	-69.986
425	25510.000	-69.987
425	25511.000	-69.988
425	25512.000	-69.990
425	25513.000	-69.991
425	25514.000	-69.991
425	25515.000	-69.992
425	25516.000	-69.993
425	25517.000	-69.994
425	25518.000	-69.994
425	25519.000	-69.995
425	25520.000	-69.995
425	25521.000	-69.996
425	25522.000	-69.996
425	25523.000	-69.997
425	25524.000	-69.997
425	25525.000	-69.997
425	25526.000	-69.997
425	25527.000	-69.998
425	25528.000	-69.998
425	25529.000	-69.998
425	25530.000	-69.998
425	25531.000	-69.998
425	25532.000	-69.987
425	25533.000	-69.927
425	25534.000	-69.859
425	25535.000	-69.803
425	25536.000	-69.766
425	25537.000	-69.746
425	25538.000	-69.739
425	25539.000	-69.742
425	25540.000	-69.752
425	25541.000	-69.765
425	25542.000	-69.780
425	25543.000	-69.796
425	25544.000	-69.813
425	25545.000	-69.829
425	25546.000	-69.844
425	25547.000	-69.858
425	25548.000	-69.871
425	25549.000	-69.883
425	25550.000	-69.893
425	25551.000	-69.903
425	25552.000	-69.913
425	25553.000	-69.921
425	25554.000	-69.928
425	25555.000	-69.935
425	25556.000	-69.941
425	25557.000	-69.947
425	25558.000	-69.952
425	25559.000	-69.956
425	25560.000	-69.961
425	25561.000	-69.964
425	25562.000	-69.968
425	25563.000	-69.971
425	25564.000	-69.974
425	25565.000	-69.976
425	25566.000	-69.978
425	25567.000	-69.980
425	25568.000	-69.982
425	25569.000	-69.984
425	25570.000	-69.986
425	25571.000	-69.987
425	25572.000	-69.988
425	25573.000	-69.989
425	25574.000	-69.990
425	25575.000	-69.991
425	25576.000	-69.992
425	25577.000	-69.993
425	25578.000	-69.993
425	25579.000	-69.994
425	25580.000	-69.995
425	25581.000	-69.995
425	25582.000	-69.996
425	25583.000	-69.996
425	25584.000	-69.996
425	25585.000	-69.997
425	25586.000	-69.997
425	25587.000	-69.997
425	25588.000	-69.998
425	25589.000	-69.998
425	25590.000	-69.998
425	25591.000	-69.998
425	25592.000	-69.998
425	25593.000	-69.997
425	25594.000	-69.948
425	25595.000	-69.879
425	25596.000	-69.818
425	25597.000	-69.776
425	25598.000	-69.751
425	25599.000	-69.740
425	25600.000	-69.741
425	25601.000	-69.748
425	25602.000	-69.761
425	25603.000	-69.775
425	25604.000	-69.792
425	25605.000	-69.808
425	25606.000	-69.824
425	25607.000	-69.839
425	25608.000	-69.853
425	25609.000	-69.867
425	25610.000	-69.879
425	25611.000	-69.890
425	25612.000	-69.901
425	25613.000	-69.910
425	25614.000	-69.918
425	25615.000	-69.926
425	25616.000	-69.933
425	25617.000	-69.939
425	25618.000	-69.945
425	25619.000	-69.950
425	25620.000	-69.955
425	25621.000	-69.959
425	25622.000	-69.963
425	25623.000	-69.967
425	25624.000	-69.970
425	25625.000	-69.973
425	25626.000	-69.975
425	25627.000	-69.978
425	25628.000	-69.980
425	25629.000	-69.982
425	25630.000	-69.983
425	25631.000	-69.985
425	25632.000	-69.986
425	25633.000	-69.988
425	25634.000	-69.989
425	25635.000	-69.990
425	25636.000	-69.991
425	25637.000	-69.992
425	25638.000	-69.993
425	25639.000	-69.993
425	25640.000	-69.994
425	25641.000	-69.995
425	25642.000	-69.995
425	25643.000	-69.996
425	25644.000	-69.996
425	25645.000	-69.996
425	25646.000	-69.997
425	25647.000	-69.997
425	25648.000	-69.997
425	25649.000	-69.998
425	25650.000	-69.998
425	25651.000	-69.998
425	25652.000	-69.998
425	25653.000	-69.998
425	25654.000	-69.999
425	25655.000	-69.967
425	25656.000	-69.899
425	25657.000	-69.835
425	25658.000	-69.786
425	25659.000	-69.756
425	25660.000	-69.742
425	25661.000	-69.740
425	25662.000	-69.745
425	25663.000	-69.757
425	25664.000	-69.771
425	25665.000	-69.787
425	25666.000	-69.803
425	25667.000	-69.819
425	25668.000	-69.835
425	25669.000	-69.849
425	25670.000	-69.863
425	25671.000	-69.875
425	25672.000	-69.887
425	25673.000	-69.898
425	25674.000	-69.907
425	25675.000	-69.916
425	25676.000	-69.924
425	25677.000	-69.931
425	25678.000	-69.938
425	25679.000	-69.944
425	25680.000	-69.949
425	25681.000	-69.954
425	25682.000	-69.958
425	25683.000	-69.962
425	25684.000	-69.966
425	25685.000	-69.969
425	25686.000	-69.972
425	25687.000	-69.975
425	25688.000	-69.977
425	25689.000	-69.979
425	25690.000	-69.981
425	25691.000	-69.983
425	25692.000	-69.985
425	25693.000	-69.986
425	25694.000	-69.987
425	25695.000	-69.989
425	25696.000	-69.990
425	25697.000	-69.991
425	25698.000	-69.992
425	25699.000	-69.992
425	25700.000	-69.993
425	25701.000	-69.994
425	25702.000	-69.994
425	25703.000	-69.995
425	25704.000	-69.995
425	25705.000	-69.996
425	25706.000	-69.996
425	25707.000	-69.997
425	25708.000	-69.997
425	25709.000	-69.997
425	25710.000	-69.997
425	25711.000	-69.998
425	25712.000	-69.998
425	25713.000	-69.998
425	25714.000	-69.998
425	25715.000	-69.998
425	25716.000	-69.983
425	25717.000	-69.920
425	25718.000	-69.853
425	25719.000	-69.799
425	25720.000	-69.764
425	25721.000	-69.745
425	25722.000	-69.739
425	25723.000	-69.743
425	25724.000	-69.753
425	25725.000	-69.766
425	25726.000	-69.782
425	25727.000	-69.798
425	25728.000	-69.814
425	25729.000	-69.830
425	25730.000	-69.845
425	25731.000	-69.859
425	25732.000	-69.872
425	25733.000	-69.884
425	25734.000	-69.895
425	25735.000	-69.904
425	25736.000	-69.913
425	25737.000	-69.922
425	25738.000	-69.929
425	25739.000	-69.936
425	25740.000	-69.942
425	25741.000	-69.947
425	25742.000	-69.952
425	25743.000	-69.957
425	25744.000	-69.961
425	25745.000	-69.965
425	25746.000	-69.968
425	25747.000	-69.971
425	25748.000	-69.974
425	25749.000	-69.976
425	25750.000	-69.979
425	25751.000	-69.981
425	25752.000	-69.982
425	25753.000	-69.984
425	25754.000	-69.986
425	25755.000	-69.987
425	25756.000	-69.988
425	25757.000	-69.989
425	25758.000	-69.990
425	25759.000	-69.991
425	25760.000	-69.992
425	25761.000	-69.993
425	25762.000	-69.994
425	25763.000	-69.994
425	25764.000	-69.995
425	25765.000	-69.995
425	25766.000	-69.996
425	25767.000	-69.996
425	25768.000	-69.996
425	25769.000	-69.997
425	25770.000	-69.997
425	25771.000	-69.997
425	25772.000	-69.998
425	25773.000	-69.998
425	25774.000	-69.998
425	25775.000	-69.998
425	25776.000	-69.998
425	25777.000	-69.994
425	25778.000	-69.941
425	25779.000	-69.872
425	25780.000	-69.813
425	25781.000	-69.772
425	25782.000	-69.749
425	25783.000	-69.740
425	25784.000	-69.741
425	25785.000	-69.749
425	25786.000	-69.762
425	25787.000	-69.777
425	25788.000	-69.793
425	25789.000	-69.810
425	25790.000	-69.825
425	25791.000	-69.841
425	25792.000	-69.855
425	25793.000	-69.868
425	25794.000	-69.880
425	25795.000	-69.891
425	25796.000	-69.902
425	25797.000	-69.911
425	25798.000	-69.919
425	25799.000	-69.927
425	25800.000	-69.934
425	25801.000	-69.940
425	25802.000	-69.946
425	25803.000	-69.951
425	25804.000	-69.956
425	25805.000	-69.960
425	25806.000	-69.964
425	25807.000	-69.967
425	25808.000	-69.970
425	25809.000	-69.973
425	25810.000	-69.976
425	25811.000	-69.978
425	25812.000	-69.980
425	25813.000	-69.982
425	25814.000	-69.984
425	25815.000	-69.985
425	25816.000	-69.987
425	25817.000	-69.988
425	25818.000	-69.989
425	25819.000	-69.990
425	25820.000	-69.991
425	25821.000	-69.992
425	25822.000	-69.993
425	25823.000	-69.993
425	25824.000	-69.994
425	25825.000	-69.995
425	25826.000	-69.995
425	25827.000	-69.996
425	25828.000	-69.996
425	25829.000	-69.996
425	25830.000	-69.997
425	25831.000	-69.997
425	25832.000	-69.997
425	25833.000	-69.998
425	25834.000	-69.998
425	25835.000	-69.998
425	25836.000	-69.998
425	25837.000	-69.998
425	25838.000	-69.999
425	25839.000	-69.961
425	25840.000	-69.892
425	25841.000	-69.829
425	25842.000	-69.783
425	25843.000	-69.754
425	25844.000	-69.741
425	25845.000	-69.740
425	25846.000	-69.746
425	25847.000	-69.758
425	25848.000	-69.772
425	25849.000	-69.788
425	25850.000	-69.805
425	25851.000	-69.821
425	25852.000	-69.836
425	25853.000	-69.851
425	25854.000	-69.864
425	25855.000	-69.877
425	25856.000	-69.888
425	25857.000	-69.899
425	25858.000	-69.908
425	25859.000	-69.917
425	25860.000	-69.925
425	25861.000	-69.932
425	25862.000	-69.938
425	25863.000	-69.944
425	25864.000	-69.949
425	25865.000	-69.954
425	25866.000	-69.959
425	25867.000	-69.963
425	25868.000	-69.966
425	25869.000	-69.969
425	25870.000	-69.972
425	25871.000	-69.975
425	25872.000	-69.977
425	25873.000	-69.979
425	25874.000	-69.981
425	25875.000	-69.983
425	25876.000	-69.985
425	25877.000	-69.986
425	25878.000	-69.988
425	25879.000	-69.989
425	25880.000	-69.990
425	25881.000	-69.991
425	25882.000	-69.992
425	25883.000	-69.992
425	25884.000	-69.993
425	25885.000	-69.994
425	25886.000	-69.994
425	25887.000	-69.995
425	25888.000	-69.995
425	25889.000	-69.996
425	25890.000	-69.996
425	25891.000	-69.997
425	25892.000	-69.997
425	25893.000	-69.997
425	25894.000	-69.997
425	25895.000	-69.998
425	25896.000	-69.998
425	25897.000	-69.998
425	25898.000	-69.998
425	25899.000	-69.998
425	25900.000	-69.978
425	25901.000	-69.913
425	25902.000	-69.847
425	25903.000	-69.795
425	25904.000	-69.761
425	25905.000	-69.744
425	25906.000	-69.739
425	25907.000	-69.744
425	25908.000	-69.754
425	25909.000	-69.768
425	25910.000	-69.783
425	25911.000	-69.800
425	25912.000	-69.816
425	25913.000	-69.832
425	25914.000	-69.846
425	25915.000	-69.860
425	25916.000	-69.873
425	25917.000	-69.885
425	25918.000	-69.896
425	25919.000	-69.905
425	25920.000	-69.914
425	25921.000	-69.922
425	25922.000	-69.930
425	25923.000	-69.936
425	25924.000	-69.942
425	25925.000	-69.948
425	25926.000	-69.953
425	25927.000	-69.957
425	25928.000	-69.961
425	25929.000	-69.965
425	25930.000	-69.968
425	25931.000	-69.971
425	25932.000	-69.974
425	25933.000	-69.977
425	25934.000	-69.979
425	25935.000	-69.981
425	25936.000	-69.983
425	25937.000	-69.984
425	25938.000	-69.986
425	25939.000	-69.987
425	25940.000	-69.988
425	25941.000	-69.989
425	25942.000	-69.990
425	25943.000	-69.991
425	25944.000	-69.992
425	25945.000	-69.993
425	25946.000	-69.994
425	25947.000	-69.994
425	25948.000	-69.995
425	25949.000	-69.995
425	25950.000	-69.996
425	25951.000	-69.996
425	25952.000	-69.996
425	25953.000	-69.997
425	25954.000	-69.997
425	25955.000	-69.997
425	25956.000	-69.998
425	25957.000	-69.998
425	25958.000	-69.998
425	25959.000	-69.998
425	25960.000	-69.998
425	25961.000	-69.991
425	25962.000	-69.934
425	25963.000	-69.865
425	25964.000	-69.808
425	25965.000	-69.769
425	25966.000	-69.747
425	25967.000	-69.740
425	25968.000	-69.742
425	25969.000	-69.750
425	25970.000	-69.763
425	25971.000	-69.779
425	25972.000	-69.795
425	25973.000	-69.811
425	25974.000	-69.827
425	25975.000	-69.842
425	25976.000	-69.856
425	25977.000	-69.869
425	25978.000	-69.881
425	25979.000	-69.892
425	25980.000	-69.902
425	25981.000	-69.912
425	25982.000	-69.920
425	25983.000	-69.928
425	25984.000	-69.934
425	25985.000	-69.941
425	25986.000	-69.946
425	25987.000	-69.951
425	25988.000	-69.956
425	25989.000	-69.960
425	25990.000	-69.964
425	25991.000	-69.967
425	25992.000	-69.971
425	25993.000	-69.973
425	25994.000	-69.976
425	25995.000	-69.978
425	25996.000	-69.980
425	25997.000	-69.982
425	25998.000	-69.984
425	25999.000	-69.985
