# NEST version: 3.8.0
# RecordingBackendASCII version: 2
sender	time_ms	V_m
426	24001.000	-70.000
426	24002.000	-70.000
426	24003.000	-70.000
426	24004.000	-70.000
426	24005.000	-70.000
426	24006.000	-70.000
426	24007.000	-70.000
426	24008.000	-70.000
426	24009.000	-70.000
426	24010.000	-70.000
426	24011.000	-70.000
426	24012.000	-70.000
426	24013.000	-70.000
426	24014.000	-70.000
426	24015.000	-70.000
426	24016.000	-70.000
426	24017.000	-70.000
426	24018.000	-70.000
426	24019.000	-70.000
426	24020.000	-70.000
426	24021.000	-70.000
426	24022.000	-70.000
426	24023.000	-70.000
426	24024.000	-70.000
426	24025.000	-70.000
426	24026.000	-70.000
426	24027.000	-70.000
426	24028.000	-70.000
426	24029.000	-70.000
426	24030.000	-70.000
426	24031.000	-70.000
426	24032.000	-70.000
426	24033.000	-70.000
426	24034.000	-70.000
426	24035.000	-70.000
426	24036.000	-70.000
426	24037.000	-70.000
426	24038.000	-70.000
426	24039.000	-70.000
426	24040.000	-70.000
426	24041.000	-70.000
426	24042.000	-70.000
426	24043.000	-70.000
426	24044.000	-70.000
426	24045.000	-70.000
426	24046.000	-70.000
426	24047.000	-70.000
426	24048.000	-70.000
426	24049.000	-70.000
426	24050.000	-70.000
426	24051.000	-70.000
426	24052.000	-70.000
426	24053.000	-70.000
426	24054.000	-70.000
426	24055.000	-70.000
426	24056.000	-70.000
426	24057.000	-70.000
426	24058.000	-70.000
426	24059.000	-70.000
426	24060.000	-70.000
426	24061.000	-69.979
426	24062.000	-69.915
426	24063.000	-69.848
426	24064.000	-69.796
426	24065.000	-69.762
426	24066.000	-69.745
426	24067.000	-69.740
426	24068.000	-69.744
426	24069.000	-69.755
426	24070.000	-69.768
426	24071.000	-69.784
426	24072.000	-69.800
426	24073.000	-69.816
426	24074.000	-69.832
426	24075.000	-69.847
426	24076.000	-69.861
426	24077.000	-69.873
426	24078.000	-69.885
426	24079.000	-69.896
426	24080.000	-69.906
426	24081.000	-69.914
426	24082.000	-69.923
426	24083.000	-69.930
426	24084.000	-69.937
426	24085.000	-69.943
426	24086.000	-69.948
426	24087.000	-69.953
426	24088.000	-69.957
426	24089.000	-69.961
426	24090.000	-69.965
426	24091.000	-69.968
426	24092.000	-69.971
426	24093.000	-69.974
426	24094.000	-69.977
426	24095.000	-69.979
426	24096.000	-69.981
426	24097.000	-69.983
426	24098.000	-69.984
426	24099.000	-69.986
426	24100.000	-69.987
426	24101.000	-69.988
426	24102.000	-69.989
426	24103.000	-69.990
426	24104.000	-69.991
426	24105.000	-69.992
426	24106.000	-69.993
426	24107.000	-69.994
426	24108.000	-69.994
426	24109.000	-69.995
426	24110.000	-69.995
426	24111.000	-69.996
426	24112.000	-69.996
426	24113.000	-69.997
426	24114.000	-69.997
426	24115.000	-69.997
426	24116.000	-69.997
426	24117.000	-69.998
426	24118.000	-69.998
426	24119.000	-69.998
426	24120.000	-69.998
426	24121.000	-69.998
426	24122.000	-69.991
426	24123.000	-69.934
426	24124.000	-69.865
426	24125.000	-69.808
426	24126.000	-69.769
426	24127.000	-69.747
426	24128.000	-69.740
426	24129.000	-69.742
426	24130.000	-69.750
426	24131.000	-69.763
426	24132.000	-69.779
426	24133.000	-69.795
426	24134.000	-69.811
426	24135.000	-69.827
426	24136.000	-69.842
426	24137.000	-69.856
426	24138.000	-69.869
426	24139.000	-69.881
426	24140.000	-69.892
426	24141.000	-69.902
426	24142.000	-69.912
426	24143.000	-69.920
426	24144.000	-69.928
426	24145.000	-69.934
426	24146.000	-69.941
426	24147.000	-69.946
426	24148.000	-69.951
426	24149.000	-69.956
426	24150.000	-69.960
426	24151.000	-69.964
426	24152.000	-69.967
426	24153.000	-69.971
426	24154.000	-69.973
426	24155.000	-69.976
426	24156.000	-69.978
426	24157.000	-69.980
426	24158.000	-69.982
426	24159.000	-69.984
426	24160.000	-69.985
426	24161.000	-69.987
426	24162.000	-69.988
426	24163.000	-69.989
426	24164.000	-69.990
426	24165.000	-69.991
426	24166.000	-69.992
426	24167.000	-69.993
426	24168.000	-69.993
426	24169.000	-69.994
426	24170.000	-69.995
426	24171.000	-69.995
426	24172.000	-69.996
426	24173.000	-69.996
426	24174.000	-69.996
426	24175.000	-69.997
426	24176.000	-69.997
426	24177.000	-69.997
426	24178.000	-69.998
426	24179.000	-69.998
426	24180.000	-69.998
426	24181.000	-69.998
426	24182.000	-69.998
426	24183.000	-69.998
426	24184.000	-69.954
426	24185.000	-69.886
426	24186.000	-69.824
426	24187.000	-69.779
426	24188.000	-69.752
426	24189.000	-69.741
426	24190.000	-69.740
426	24191.000	-69.747
426	24192.000	-69.759
426	24193.000	-69.774
426	24194.000	-69.790
426	24195.000	-69.806
426	24196.000	-69.822
426	24197.000	-69.838
426	24198.000	-69.852
426	24199.000	-69.865
426	24200.000	-69.878
426	24201.000	-69.889
426	24202.000	-69.900
426	24203.000	-69.909
426	24204.000	-69.918
426	24205.000	-69.925
426	24206.000	-69.932
426	24207.000	-69.939
426	24208.000	-69.945
426	24209.000	-69.950
426	24210.000	-69.955
426	24211.000	-69.959
426	24212.000	-69.963
426	24213.000	-69.966
426	24214.000	-69.970
426	24215.000	-69.973
426	24216.000	-69.975
426	24217.000	-69.977
426	24218.000	-69.980
426	24219.000	-69.982
426	24220.000	-69.983
426	24221.000	-69.985
426	24222.000	-69.986
426	24223.000	-69.988
426	24224.000	-69.989
426	24225.000	-69.990
426	24226.000	-69.991
426	24227.000	-69.992
426	24228.000	-69.993
426	24229.000	-69.993
426	24230.000	-69.994
426	24231.000	-69.994
426	24232.000	-69.995
426	24233.000	-69.995
426	24234.000	-69.996
426	24235.000	-69.996
426	24236.000	-69.997
426	24237.000	-69.997
426	24238.000	-69.997
426	24239.000	-69.998
426	24240.000	-69.998
426	24241.000	-69.998
426	24242.000	-69.998
426	24243.000	-69.998
426	24244.000	-69.998
426	24245.000	-69.973
426	24246.000	-69.906
426	24247.000	-69.841
426	24248.000	-69.790
426	24249.000	-69.759
426	24250.000	-69.743
426	24251.000	-69.739
426	24252.000	-69.744
426	24253.000	-69.755
426	24254.000	-69.769
426	24255.000	-69.785
426	24256.000	-69.801
426	24257.000	-69.818
426	24258.000	-69.833
426	24259.000	-69.848
426	24260.000	-69.862
426	24261.000	-69.874
426	24262.000	-69.886
426	24263.000	-69.897
426	24264.000	-69.906
426	24265.000	-69.915
426	24266.000	-69.923
426	24267.000	-69.930
426	24268.000	-69.937
426	24269.000	-69.943
426	24270.000	-69.948
426	24271.000	-69.953
426	24272.000	-69.958
426	24273.000	-69.962
426	24274.000	-69.965
426	24275.000	-69.969
426	24276.000	-69.972
426	24277.000	-69.974
426	24278.000	-69.977
426	24279.000	-69.979
426	24280.000	-69.981
426	24281.000	-69.983
426	24282.000	-69.984
426	24283.000	-69.986
426	24284.000	-69.987
426	24285.000	-69.988
426	24286.000	-69.990
426	24287.000	-69.991
426	24288.000	-69.991
426	24289.000	-69.992
426	24290.000	-69.993
426	24291.000	-69.994
426	24292.000	-69.994
426	24293.000	-69.995
426	24294.000	-69.995
426	24295.000	-69.996
426	24296.000	-69.996
426	24297.000	-69.997
426	24298.000	-69.997
426	24299.000	-69.997
426	24300.000	-69.997
426	24301.000	-69.998
426	24302.000	-69.998
426	24303.000	-69.998
426	24304.000	-69.998
426	24305.000	-69.998
426	24306.000	-69.987
426	24307.000	-69.927
426	24308.000	-69.859
426	24309.000	-69.803
426	24310.000	-69.766
426	24311.000	-69.746
426	24312.000	-69.739
426	24313.000	-69.742
426	24314.000	-69.752
426	24315.000	-69.765
426	24316.000	-69.780
426	24317.000	-69.796
426	24318.000	-69.813
426	24319.000	-69.829
426	24320.000	-69.844
426	24321.000	-69.858
426	24322.000	-69.871
426	24323.000	-69.883
426	24324.000	-69.893
426	24325.000	-69.903
426	24326.000	-69.913
426	24327.000	-69.921
426	24328.000	-69.928
426	24329.000	-69.935
426	24330.000	-69.941
426	24331.000	-69.947
426	24332.000	-69.952
426	24333.000	-69.956
426	24334.000	-69.961
426	24335.000	-69.964
426	24336.000	-69.968
426	24337.000	-69.971
426	24338.000	-69.974
426	24339.000	-69.976
426	24340.000	-69.978
426	24341.000	-69.980
426	24342.000	-69.982
426	24343.000	-69.984
426	24344.000	-69.986
426	24345.000	-69.987
426	24346.000	-69.988
426	24347.000	-69.989
426	24348.000	-69.990
426	24349.000	-69.991
426	24350.000	-69.992
426	24351.000	-69.993
426	24352.000	-69.993
426	24353.000	-69.994
426	24354.000	-69.995
426	24355.000	-69.995
426	24356.000	-69.996
426	24357.000	-69.996
426	24358.000	-69.996
426	24359.000	-69.997
426	24360.000	-69.997
426	24361.000	-69.997
426	24362.000	-69.998
426	24363.000	-69.998
426	24364.000	-69.998
426	24365.000	-69.998
426	24366.000	-69.998
426	24367.000	-69.997
426	24368.000	-69.948
426	24369.000	-69.879
426	24370.000	-69.818
426	24371.000	-69.776
426	24372.000	-69.751
426	24373.000	-69.740
426	24374.000	-69.741
426	24375.000	-69.748
426	24376.000	-69.761
426	24377.000	-69.775
426	24378.000	-69.792
426	24379.000	-69.808
426	24380.000	-69.824
426	24381.000	-69.839
426	24382.000	-69.853
426	24383.000	-69.867
426	24384.000	-69.879
426	24385.000	-69.890
426	24386.000	-69.901
426	24387.000	-69.910
426	24388.000	-69.918
426	24389.000	-69.926
426	24390.000	-69.933
426	24391.000	-69.939
426	24392.000	-69.945
426	24393.000	-69.950
426	24394.000	-69.955
426	24395.000	-69.959
426	24396.000	-69.963
426	24397.000	-69.967
426	24398.000	-69.970
426	24399.000	-69.973
426	24400.000	-69.975
426	24401.000	-69.978
426	24402.000	-69.980
426	24403.000	-69.982
426	24404.000	-69.983
426	24405.000	-69.985
426	24406.000	-69.986
426	24407.000	-69.988
426	24408.000	-69.989
426	24409.000	-69.990
426	24410.000	-69.991
426	24411.000	-69.992
426	24412.000	-69.993
426	24413.000	-69.993
426	24414.000	-69.994
426	24415.000	-69.995
426	24416.000	-69.995
426	24417.000	-69.996
426	24418.000	-69.996
426	24419.000	-69.996
426	24420.000	-69.997
426	24421.000	-69.997
426	24422.000	-69.997
426	24423.000	-69.998
426	24424.000	-69.998
426	24425.000	-69.998
426	24426.000	-69.998
426	24427.000	-69.998
426	24428.000	-69.999
426	24429.000	-69.967
426	24430.000	-69.899
426	24431.000	-69.835
426	24432.000	-69.786
426	24433.000	-69.756
426	24434.000	-69.742
426	24435.000	-69.740
426	24436.000	-69.745
426	24437.000	-69.757
426	24438.000	-69.771
426	24439.000	-69.787
426	24440.000	-69.803
426	24441.000	-69.819
426	24442.000	-69.835
426	24443.000	-69.849
426	24444.000	-69.863
426	24445.000	-69.875
426	24446.000	-69.887
426	24447.000	-69.898
426	24448.000	-69.907
426	24449.000	-69.916
426	24450.000	-69.924
426	24451.000	-69.931
426	24452.000	-69.938
426	24453.000	-69.944
426	24454.000	-69.949
426	24455.000	-69.954
426	24456.000	-69.958
426	24457.000	-69.962
426	24458.000	-69.966
426	24459.000	-69.969
426	24460.000	-69.972
426	24461.000	-69.975
426	24462.000	-69.977
426	24463.000	-69.979
426	24464.000	-69.981
426	24465.000	-69.983
426	24466.000	-69.985
426	24467.000	-69.986
426	24468.000	-69.987
426	24469.000	-69.989
426	24470.000	-69.990
426	24471.000	-69.991
426	24472.000	-69.992
426	24473.000	-69.992
426	24474.000	-69.993
426	24475.000	-69.994
426	24476.000	-69.994
426	24477.000	-69.995
426	24478.000	-69.995
426	24479.000	-69.996
426	24480.000	-69.996
426	24481.000	-69.997
426	24482.000	-69.997
426	24483.000	-69.997
426	24484.000	-69.997
426	24485.000	-69.998
426	24486.000	-69.998
426	24487.000	-69.998
426	24488.000	-69.998
426	24489.000	-69.998
426	24490.000	-69.983
426	24491.000	-69.920
426	24492.000	-69.853
426	24493.000	-69.799
426	24494.000	-69.764
426	24495.000	-69.745
426	24496.000	-69.739
426	24497.000	-69.743
426	24498.000	-69.753
426	24499.000	-69.766
426	24500.000	-69.782
426	24501.000	-69.798
426	24502.000	-69.814
426	24503.000	-69.830
426	24504.000	-69.845
426	24505.000	-69.859
426	24506.000	-69.872
426	24507.000	-69.884
426	24508.000	-69.895
426	24509.000	-69.904
426	24510.000	-69.913
426	24511.000	-69.922
426	24512.000	-69.929
426	24513.000	-69.936
426	24514.000	-69.942
426	24515.000	-69.947
426	24516.000	-69.952
426	24517.000	-69.957
426	24518.000	-69.961
426	24519.000	-69.965
426	24520.000	-69.968
426	24521.000	-69.971
426	24522.000	-69.974
426	24523.000	-69.976
426	24524.000	-69.979
426	24525.000	-69.981
426	24526.000	-69.982
426	24527.000	-69.984
426	24528.000	-69.986
426	24529.000	-69.987
426	24530.000	-69.988
426	24531.000	-69.989
426	24532.000	-69.990
426	24533.000	-69.991
426	24534.000	-69.992
426	24535.000	-69.993
426	24536.000	-69.994
426	24537.000	-69.994
426	24538.000	-69.995
426	24539.000	-69.995
426	24540.000	-69.996
426	24541.000	-69.996
426	24542.000	-69.996
426	24543.000	-69.997
426	24544.000	-69.997
426	24545.000	-69.997
426	24546.000	-69.998
426	24547.000	-69.998
426	24548.000	-69.998
426	24549.000	-69.998
426	24550.000	-69.998
426	24551.000	-69.994
426	24552.000	-69.941
426	24553.000	-69.872
426	24554.000	-69.813
426	24555.000	-69.772
426	24556.000	-69.749
426	24557.000	-69.740
426	24558.000	-69.741
426	24559.000	-69.749
426	24560.000	-69.762
426	24561.000	-69.777
426	24562.000	-69.793
426	24563.000	-69.810
426	24564.000	-69.825
426	24565.000	-69.841
426	24566.000	-69.855
426	24567.000	-69.868
426	24568.000	-69.880
426	24569.000	-69.891
426	24570.000	-69.902
426	24571.000	-69.911
426	24572.000	-69.919
426	24573.000	-69.927
426	24574.000	-69.934
426	24575.000	-69.940
426	24576.000	-69.946
426	24577.000	-69.951
426	24578.000	-69.956
426	24579.000	-69.960
426	24580.000	-69.964
426	24581.000	-69.967
426	24582.000	-69.970
426	24583.000	-69.973
426	24584.000	-69.976
426	24585.000	-69.978
426	24586.000	-69.980
426	24587.000	-69.982
426	24588.000	-69.984
426	24589.000	-69.985
426	24590.000	-69.987
426	24591.000	-69.988
426	24592.000	-69.989
426	24593.000	-69.990
426	24594.000	-69.991
426	24595.000	-69.992
426	24596.000	-69.993
426	24597.000	-69.993
426	24598.000	-69.994
426	24599.000	-69.995
426	24600.000	-69.995
426	24601.000	-69.996
426	24602.000	-69.996
426	24603.000	-69.996
426	24604.000	-69.997
426	24605.000	-69.997
426	24606.000	-69.997
426	24607.000	-69.998
426	24608.000	-69.998
426	24609.000	-69.998
426	24610.000	-69.998
426	24611.000	-69.998
426	24612.000	-69.999
426	24613.000	-69.961
426	24614.000	-69.892
426	24615.000	-69.829
426	24616.000	-69.783
426	24617.000	-69.754
426	24618.000	-69.741
426	24619.000	-69.740
426	24620.000	-69.746
426	24621.000	-69.758
426	24622.000	-69.772
426	24623.000	-69.788
426	24624.000	-69.805
426	24625.000	-69.821
426	24626.000	-69.836
426	24627.000	-69.851
426	24628.000	-69.864
426	24629.000	-69.877
426	24630.000	-69.888
426	24631.000	-69.899
426	24632.000	-69.908
426	24633.000	-69.917
426	24634.000	-69.925
426	24635.000	-69.932
426	24636.000	-69.938
426	24637.000	-69.944
426	24638.000	-69.949
426	24639.000	-69.954
426	24640.000	-69.959
426	24641.000	-69.963
426	24642.000	-69.966
426	24643.000	-69.969
426	24644.000	-69.972
426	24645.000	-69.975
426	24646.000	-69.977
426	24647.000	-69.979
426	24648.000	-69.981
426	24649.000	-69.983
426	24650.000	-69.985
426	24651.000	-69.986
426	24652.000	-69.988
426	24653.000	-69.989
426	24654.000	-69.990
426	24655.000	-69.991
426	24656.000	-69.992
426	24657.000	-69.992
426	24658.000	-69.993
426	24659.000	-69.994
426	24660.000	-69.994
426	24661.000	-69.995
426	24662.000	-69.995
426	24663.000	-69.996
426	24664.000	-69.996
426	24665.000	-69.997
426	24666.000	-69.997
426	24667.000	-69.997
426	24668.000	-69.997
426	24669.000	-69.998
426	24670.000	-69.998
426	24671.000	-69.998
426	24672.000	-69.998
426	24673.000	-69.998
426	24674.000	-69.978
426	24675.000	-69.913
426	24676.000	-69.847
426	24677.000	-69.795
426	24678.000	-69.761
426	24679.000	-69.744
426	24680.000	-69.739
426	24681.000	-69.744
426	24682.000	-69.754
426	24683.000	-69.768
426	24684.000	-69.783
426	24685.000	-69.800
426	24686.000	-69.816
426	24687.000	-69.832
426	24688.000	-69.846
426	24689.000	-69.860
426	24690.000	-69.873
426	24691.000	-69.885
426	24692.000	-69.896
426	24693.000	-69.905
426	24694.000	-69.914
426	24695.000	-69.922
426	24696.000	-69.930
426	24697.000	-69.936
426	24698.000	-69.942
426	24699.000	-69.948
426	24700.000	-69.953
426	24701.000	-69.957
426	24702.000	-69.961
426	24703.000	-69.965
426	24704.000	-69.968
426	24705.000	-69.971
426	24706.000	-69.974
426	24707.000	-69.977
426	24708.000	-69.979
426	24709.000	-69.981
426	24710.000	-69.983
426	24711.000	-69.984
426	24712.000	-69.986
426	24713.000	-69.987
426	24714.000	-69.988
426	24715.000	-69.989
426	24716.000	-69.990
426	24717.000	-69.991
426	24718.000	-69.992
426	24719.000	-69.993
426	24720.000	-69.994
426	24721.000	-69.994
426	24722.000	-69.995
426	24723.000	-69.995
426	24724.000	-69.996
426	24725.000	-69.996
426	24726.000	-69.996
426	24727.000	-69.997
426	24728.000	-69.997
426	24729.000	-69.997
426	24730.000	-69.998
426	24731.000	-69.998
426	24732.000	-69.998
426	24733.000	-69.998
426	24734.000	-69.998
426	24735.000	-69.991
426	24736.000	-69.934
426	24737.000	-69.865
426	24738.000	-69.808
426	24739.000	-69.769
426	24740.000	-69.747
426	24741.000	-69.740
426	24742.000	-69.742
426	24743.000	-69.750
426	24744.000	-69.763
426	24745.000	-69.779
426	24746.000	-69.795
426	24747.000	-69.811
426	24748.000	-69.827
426	24749.000	-69.842
426	24750.000	-69.856
426	24751.000	-69.869
426	24752.000	-69.881
426	24753.000	-69.892
426	24754.000	-69.902
426	24755.000	-69.912
426	24756.000	-69.920
426	24757.000	-69.928
426	24758.000	-69.934
426	24759.000	-69.941
426	24760.000	-69.946
426	24761.000	-69.951
426	24762.000	-69.956
426	24763.000	-69.960
426	24764.000	-69.964
426	24765.000	-69.967
426	24766.000	-69.971
426	24767.000	-69.973
426	24768.000	-69.976
426	24769.000	-69.978
426	24770.000	-69.980
426	24771.000	-69.982
426	24772.000	-69.984
426	24773.000	-69.985
426	24774.000	-69.987
426	24775.000	-69.988
426	24776.000	-69.989
426	24777.000	-69.990
426	24778.000	-69.991
426	24779.000	-69.992
426	24780.000	-69.993
426	24781.000	-69.993
426	24782.000	-69.994
426	24783.000	-69.995
426	24784.000	-69.995
426	24785.000	-69.996
426	24786.000	-69.996
426	24787.000	-69.996
426	24788.000	-69.997
426	24789.000	-69.997
426	24790.000	-69.997
426	24791.000	-69.998
426	24792.000	-69.998
426	24793.000	-69.998
426	24794.000	-69.998
426	24795.000	-69.998
426	24796.000	-69.998
426	24797.000	-69.954
426	24798.000	-69.886
426	24799.000	-69.824
426	24800.000	-69.779
426	24801.000	-69.752
426	24802.000	-69.741
426	24803.000	-69.740
426	24804.000	-69.747
426	24805.000	-69.759
426	24806.000	-69.774
426	24807.000	-69.790
426	24808.000	-69.806
426	24809.000	-69.822
426	24810.000	-69.838
426	24811.000	-69.852
426	24812.000	-69.865
426	24813.000	-69.878
426	24814.000	-69.889
426	24815.000	-69.900
426	24816.000	-69.909
426	24817.000	-69.918
426	24818.000	-69.925
426	24819.000	-69.932
426	24820.000	-69.939
426	24821.000	-69.945
426	24822.000	-69.950
426	24823.000	-69.955
426	24824.000	-69.959
426	24825.000	-69.963
426	24826.000	-69.966
426	24827.000	-69.970
426	24828.000	-69.973
426	24829.000	-69.975
426	24830.000	-69.977
426	24831.000	-69.980
426	24832.000	-69.982
426	24833.000	-69.983
426	24834.000	-69.985
426	24835.000	-69.986
426	24836.000	-69.988
426	24837.000	-69.989
426	24838.000	-69.990
426	24839.000	-69.991
426	24840.000	-69.992
426	24841.000	-69.993
426	24842.000	-69.993
426	24843.000	-69.994
426	24844.000	-69.994
426	24845.000	-69.995
426	24846.000	-69.995
426	24847.000	-69.996
426	24848.000	-69.996
426	24849.000	-69.997
426	24850.000	-69.997
426	24851.000	-69.997
426	24852.000	-69.998
426	24853.000	-69.998
426	24854.000	-69.998
426	24855.000	-69.998
426	24856.000	-69.998
426	24857.000	-69.998
426	24858.000	-69.973
426	24859.000	-69.906
426	24860.000	-69.841
426	24861.000	-69.790
426	24862.000	-69.759
426	24863.000	-69.743
426	24864.000	-69.739
426	24865.000	-69.744
426	24866.000	-69.755
426	24867.000	-69.769
426	24868.000	-69.785
426	24869.000	-69.801
426	24870.000	-69.818
426	24871.000	-69.833
426	24872.000	-69.848
426	24873.000	-69.862
426	24874.000	-69.874
426	24875.000	-69.886
426	24876.000	-69.897
426	24877.000	-69.906
426	24878.000	-69.915
426	24879.000	-69.923
426	24880.000	-69.930
426	24881.000	-69.937
426	24882.000	-69.943
426	24883.000	-69.948
426	24884.000	-69.953
426	24885.000	-69.958
426	24886.000	-69.962
426	24887.000	-69.965
426	24888.000	-69.969
426	24889.000	-69.972
426	24890.000	-69.974
426	24891.000	-69.977
426	24892.000	-69.979
426	24893.000	-69.981
426	24894.000	-69.983
426	24895.000	-69.984
426	24896.000	-69.986
426	24897.000	-69.987
426	24898.000	-69.988
426	24899.000	-69.990
426	24900.000	-69.991
426	24901.000	-69.991
426	24902.000	-69.992
426	24903.000	-69.993
426	24904.000	-69.994
426	24905.000	-69.994
426	24906.000	-69.995
426	24907.000	-69.995
426	24908.000	-69.996
426	24909.000	-69.996
426	24910.000	-69.997
426	24911.000	-69.997
426	24912.000	-69.997
426	24913.000	-69.997
426	24914.000	-69.998
426	24915.000	-69.998
426	24916.000	-69.998
426	24917.000	-69.998
426	24918.000	-69.998
426	24919.000	-69.987
426	24920.000	-69.927
426	24921.000	-69.859
426	24922.000	-69.803
426	24923.000	-69.766
426	24924.000	-69.746
426	24925.000	-69.739
426	24926.000	-69.742
426	24927.000	-69.752
426	24928.000	-69.765
426	24929.000	-69.780
426	24930.000	-69.796
426	24931.000	-69.813
426	24932.000	-69.829
426	24933.000	-69.844
426	24934.000	-69.858
426	24935.000	-69.871
426	24936.000	-69.883
426	24937.000	-69.893
426	24938.000	-69.903
426	24939.000	-69.913
426	24940.000	-69.921
426	24941.000	-69.928
426	24942.000	-69.935
426	24943.000	-69.941
426	24944.000	-69.947
426	24945.000	-69.952
426	24946.000	-69.956
426	24947.000	-69.961
426	24948.000	-69.964
426	24949.000	-69.968
426	24950.000	-69.971
426	24951.000	-69.974
426	24952.000	-69.976
426	24953.000	-69.978
426	24954.000	-69.980
426	24955.000	-69.982
426	24956.000	-69.984
426	24957.000	-69.986
426	24958.000	-69.987
426	24959.000	-69.988
426	24960.000	-69.989
426	24961.000	-69.990
426	24962.000	-69.991
426	24963.000	-69.992
426	24964.000	-69.993
426	24965.000	-69.993
426	24966.000	-69.994
426	24967.000	-69.995
426	24968.000	-69.995
426	24969.000	-69.996
426	24970.000	-69.996
426	24971.000	-69.996
426	24972.000	-69.997
426	24973.000	-69.997
426	24974.000	-69.997
426	24975.000	-69.998
426	24976.000	-69.998
426	24977.000	-69.998
426	24978.000	-69.998
426	24979.000	-69.998
426	24980.000	-69.997
426	24981.000	-69.948
426	24982.000	-69.879
426	24983.000	-69.818
426	24984.000	-69.776
426	24985.000	-69.751
426	24986.000	-69.740
426	24987.000	-69.741
426	24988.000	-69.748
426	24989.000	-69.761
426	24990.000	-69.775
426	24991.000	-69.792
426	24992.000	-69.808
426	24993.000	-69.824
426	24994.000	-69.839
426	24995.000	-69.853
426	24996.000	-69.867
426	24997.000	-69.879
426	24998.000	-69.890
426	24999.000	-69.901
426	25000.000	-69.910
426	25001.000	-69.918
426	25002.000	-69.926
426	25003.000	-69.933
426	25004.000	-69.939
426	25005.000	-69.945
426	25006.000	-69.950
426	25007.000	-69.955
426	25008.000	-69.959
426	25009.000	-69.963
426	25010.000	-69.967
426	25011.000	-69.970
426	25012.000	-69.973
426	25013.000	-69.975
426	25014.000	-69.978
426	25015.000	-69.980
426	25016.000	-69.982
426	25017.000	-69.983
426	25018.000	-69.985
426	25019.000	-69.986
426	25020.000	-69.988
426	25021.000	-69.989
426	25022.000	-69.990
426	25023.000	-69.991
426	25024.000	-69.992
426	25025.000	-69.993
426	25026.000	-69.993
426	25027.000	-69.994
426	25028.000	-69.995
426	25029.000	-69.995
426	25030.000	-69.996
426	25031.000	-69.996
426	25032.000	-69.996
426	25033.000	-69.997
426	25034.000	-69.997
426	25035.000	-69.997
426	25036.000	-69.998
426	25037.000	-69.998
426	25038.000	-69.998
426	25039.000	-69.998
426	25040.000	-69.998
426	25041.000	-69.999
426	25042.000	-69.967
426	25043.000	-69.899
426	25044.000	-69.835
426	25045.000	-69.786
426	25046.000	-69.756
426	25047.000	-69.742
426	25048.000	-69.740
426	25049.000	-69.745
426	25050.000	-69.757
426	25051.000	-69.771
426	25052.000	-69.787
426	25053.000	-69.803
426	25054.000	-69.819
426	25055.000	-69.835
426	25056.000	-69.849
426	25057.000	-69.863
426	25058.000	-69.875
426	25059.000	-69.887
426	25060.000	-69.898
426	25061.000	-69.907
426	25062.000	-69.916
426	25063.000	-69.924
426	25064.000	-69.931
426	25065.000	-69.938
426	25066.000	-69.944
426	25067.000	-69.949
426	25068.000	-69.954
426	25069.000	-69.958
426	25070.000	-69.962
426	25071.000	-69.966
426	25072.000	-69.969
426	25073.000	-69.972
426	25074.000	-69.975
426	25075.000	-69.977
426	25076.000	-69.979
426	25077.000	-69.981
426	25078.000	-69.983
426	25079.000	-69.985
426	25080.000	-69.986
426	25081.000	-69.987
426	25082.000	-69.989
426	25083.000	-69.990
426	25084.000	-69.991
426	25085.000	-69.992
426	25086.000	-69.992
426	25087.000	-69.993
426	25088.000	-69.994
426	25089.000	-69.994
426	25090.000	-69.995
426	25091.000	-69.995
426	25092.000	-69.996
426	25093.000	-69.996
426	25094.000	-69.997
426	25095.000	-69.997
426	25096.000	-69.997
426	25097.000	-69.997
426	25098.000	-69.998
426	25099.000	-69.998
426	25100.000	-69.998
426	25101.000	-69.998
426	25102.000	-69.998
426	25103.000	-69.983
426	25104.000	-69.920
426	25105.000	-69.853
426	25106.000	-69.799
426	25107.000	-69.764
426	25108.000	-69.745
426	25109.000	-69.739
426	25110.000	-69.743
426	25111.000	-69.753
426	25112.000	-69.766
426	25113.000	-69.782
426	25114.000	-69.798
426	25115.000	-69.814
426	25116.000	-69.830
426	25117.000	-69.845
426	25118.000	-69.859
426	25119.000	-69.872
426	25120.000	-69.884
426	25121.000	-69.895
426	25122.000	-69.904
426	25123.000	-69.913
426	25124.000	-69.922
426	25125.000	-69.929
426	25126.000	-69.936
426	25127.000	-69.942
426	25128.000	-69.947
426	25129.000	-69.952
426	25130.000	-69.957
426	25131.000	-69.961
426	25132.000	-69.965
426	25133.000	-69.968
426	25134.000	-69.971
426	25135.000	-69.974
426	25136.000	-69.976
426	25137.000	-69.979
426	25138.000	-69.981
426	25139.000	-69.982
426	25140.000	-69.984
426	25141.000	-69.986
426	25142.000	-69.987
426	25143.000	-69.988
426	25144.000	-69.989
426	25145.000	-69.990
426	25146.000	-69.991
426	25147.000	-69.992
426	25148.000	-69.993
426	25149.000	-69.994
426	25150.000	-69.994
426	25151.000	-69.995
426	25152.000	-69.995
426	25153.000	-69.996
426	25154.000	-69.996
426	25155.000	-69.996
426	25156.000	-69.997
426	25157.000	-69.997
426	25158.000	-69.997
426	25159.000	-69.998
426	25160.000	-69.998
426	25161.000	-69.998
426	25162.000	-69.998
426	25163.000	-69.998
426	25164.000	-69.994
426	25165.000	-69.941
426	25166.000	-69.872
426	25167.000	-69.813
426	25168.000	-69.772
426	25169.000	-69.749
426	25170.000	-69.740
426	25171.000	-69.741
426	25172.000	-69.749
426	25173.000	-69.762
426	25174.000	-69.777
426	25175.000	-69.793
426	25176.000	-69.810
426	25177.000	-69.825
426	25178.000	-69.841
426	25179.000	-69.855
426	25180.000	-69.868
426	25181.000	-69.880
426	25182.000	-69.891
426	25183.000	-69.902
426	25184.000	-69.911
426	25185.000	-69.919
426	25186.000	-69.927
426	25187.000	-69.934
426	25188.000	-69.940
426	25189.000	-69.946
426	25190.000	-69.951
426	25191.000	-69.956
426	25192.000	-69.960
426	25193.000	-69.964
426	25194.000	-69.967
426	25195.000	-69.970
426	25196.000	-69.973
426	25197.000	-69.976
426	25198.000	-69.978
426	25199.000	-69.980
426	25200.000	-69.982
426	25201.000	-69.984
426	25202.000	-69.985
426	25203.000	-69.987
426	25204.000	-69.988
426	25205.000	-69.989
426	25206.000	-69.990
426	25207.000	-69.991
426	25208.000	-69.992
426	25209.000	-69.993
426	25210.000	-69.993
426	25211.000	-69.994
426	25212.000	-69.995
426	25213.000	-69.995
426	25214.000	-69.996
426	25215.000	-69.996
426	25216.000	-69.996
426	25217.000	-69.997
426	25218.000	-69.997
426	25219.000	-69.997
426	25220.000	-69.998
426	25221.000	-69.998
426	25222.000	-69.998
426	25223.000	-69.998
426	25224.000	-69.998
426	25225.000	-69.999
426	25226.000	-69.961
426	25227.000	-69.892
426	25228.000	-69.829
426	25229.000	-69.783
426	25230.000	-69.754
426	25231.000	-69.741
426	25232.000	-69.740
426	25233.000	-69.746
426	25234.000	-69.758
426	25235.000	-69.772
426	25236.000	-69.788
426	25237.000	-69.805
426	25238.000	-69.821
426	25239.000	-69.836
426	25240.000	-69.851
426	25241.000	-69.864
426	25242.000	-69.877
426	25243.000	-69.888
426	25244.000	-69.899
426	25245.000	-69.908
426	25246.000	-69.917
426	25247.000	-69.925
426	25248.000	-69.932
426	25249.000	-69.938
426	25250.000	-69.944
426	25251.000	-69.949
426	25252.000	-69.954
426	25253.000	-69.959
426	25254.000	-69.963
426	25255.000	-69.966
426	25256.000	-69.969
426	25257.000	-69.972
426	25258.000	-69.975
426	25259.000	-69.977
426	25260.000	-69.979
426	25261.000	-69.981
426	25262.000	-69.983
426	25263.000	-69.985
426	25264.000	-69.986
426	25265.000	-69.988
426	25266.000	-69.989
426	25267.000	-69.990
426	25268.000	-69.991
426	25269.000	-69.992
426	25270.000	-69.992
426	25271.000	-69.993
426	25272.000	-69.994
426	25273.000	-69.994
426	25274.000	-69.995
426	25275.000	-69.995
426	25276.000	-69.996
426	25277.000	-69.996
426	25278.000	-69.997
426	25279.000	-69.997
426	25280.000	-69.997
426	25281.000	-69.997
426	25282.000	-69.998
426	25283.000	-69.998
426	25284.000	-69.998
426	25285.000	-69.998
426	25286.000	-69.998
426	25287.000	-69.978
426	25288.000	-69.913
426	25289.000	-69.847
426	25290.000	-69.795
426	25291.000	-69.761
426	25292.000	-69.744
426	25293.000	-69.739
426	25294.000	-69.744
426	25295.000	-69.754
426	25296.000	-69.768
426	25297.000	-69.783
426	25298.000	-69.800
426	25299.000	-69.816
426	25300.000	-69.832
426	25301.000	-69.846
426	25302.000	-69.860
426	25303.000	-69.873
426	25304.000	-69.885
426	25305.000	-69.896
426	25306.000	-69.905
426	25307.000	-69.914
426	25308.000	-69.922
426	25309.000	-69.930
426	25310.000	-69.936
426	25311.000	-69.942
426	25312.000	-69.948
426	25313.000	-69.953
426	25314.000	-69.957
426	25315.000	-69.961
426	25316.000	-69.965
426	25317.000	-69.968
426	25318.000	-69.971
426	25319.000	-69.974
426	25320.000	-69.977
426	25321.000	-69.979
426	25322.000	-69.981
426	25323.000	-69.983
426	25324.000	-69.984
426	25325.000	-69.986
426	25326.000	-69.987
426	25327.000	-69.988
426	25328.000	-69.989
426	25329.000	-69.990
426	25330.000	-69.991
426	25331.000	-69.992
426	25332.000	-69.993
426	25333.000	-69.994
426	25334.000	-69.994
426	25335.000	-69.995
426	25336.000	-69.995
426	25337.000	-69.996
426	25338.000	-69.996
426	25339.000	-69.996
426	25340.000	-69.997
426	25341.000	-69.997
426	25342.000	-69.997
426	25343.000	-69.998
426	25344.000	-69.998
426	25345.000	-69.998
426	25346.000	-69.998
426	25347.000	-69.998
426	25348.000	-69.991
426	25349.000	-69.934
426	25350.000	-69.865
426	25351.000	-69.808
426	25352.000	-69.769
426	25353.000	-69.747
426	25354.000	-69.740
426	25355.000	-69.742
426	25356.000	-69.750
426	25357.000	-69.763
426	25358.000	-69.779
426	25359.000	-69.795
426	25360.000	-69.811
426	25361.000	-69.827
426	25362.000	-69.842
426	25363.000	-69.856
426	25364.000	-69.869
426	25365.000	-69.881
426	25366.000	-69.892
426	25367.000	-69.902
426	25368.000	-69.912
426	25369.000	-69.920
426	25370.000	-69.928
426	25371.000	-69.934
426	25372.000	-69.941
426	25373.000	-69.946
426	25374.000	-69.951
426	25375.000	-69.956
426	25376.000	-69.960
426	25377.000	-69.964
426	25378.000	-69.967
426	25379.000	-69.971
426	25380.000	-69.973
426	25381.000	-69.976
426	25382.000	-69.978
426	25383.000	-69.980
426	25384.000	-69.982
426	25385.000	-69.984
426	25386.000	-69.985
426	25387.000	-69.987
426	25388.000	-69.988
426	25389.000	-69.989
426	25390.000	-69.990
426	25391.000	-69.991
426	25392.000	-69.992
426	25393.000	-69.993
426	25394.000	-69.993
426	25395.000	-69.994
426	25396.000	-69.995
426	25397.000	-69.995
426	25398.000	-69.996
426	25399.000	-69.996
426	25400.000	-69.996
426	25401.000	-69.997
426	25402.000	-69.997
426	25403.000	-69.997
426	25404.000	-69.998
426	25405.000	-69.998
426	25406.000	-69.998
426	25407.000	-69.998
426	25408.000	-69.998
426	25409.000	-69.998
426	25410.000	-69.954
426	25411.000	-69.886
426	25412.000	-69.824
426	25413.000	-69.779
426	25414.000	-69.752
426	25415.000	-69.741
426	25416.000	-69.740
426	25417.000	-69.747
426	25418.000	-69.759
426	25419.000	-69.774
426	25420.000	-69.790
426	25421.000	-69.806
426	25422.000	-69.822
426	25423.000	-69.838
426	25424.000	-69.852
426	25425.000	-69.865
426	25426.000	-69.878
426	25427.000	-69.889
426	25428.000	-69.900
426	25429.000	-69.909
426	25430.000	-69.918
426	25431.000	-69.925
426	25432.000	-69.932
426	25433.000	-69.939
426	25434.000	-69.945
426	25435.000	-69.950
426	25436.000	-69.955
426	25437.000	-69.959
426	25438.000	-69.963
426	25439.000	-69.966
426	25440.000	-69.970
426	25441.000	-69.973
426	25442.000	-69.975
426	25443.000	-69.977
426	25444.000	-69.980
426	25445.000	-69.982
426	25446.000	-69.983
426	25447.000	-69.985
426	25448.000	-69.986
426	25449.000	-69.988
426	25450.000	-69.989
426	25451.000	-69.990
426	25452.000	-69.991
426	25453.000	-69.992
426	25454.000	-69.993
426	25455.000	-69.993
426	25456.000	-69.994
426	25457.000	-69.994
426	25458.000	-69.995
426	25459.000	-69.995
426	25460.000	-69.996
426	25461.000	-69.996
426	25462.000	-69.997
426	25463.000	-69.997
426	25464.000	-69.997
426	25465.000	-69.998
426	25466.000	-69.998
426	25467.000	-69.998
426	25468.000	-69.998
426	25469.000	-69.998
426	25470.000	-69.998
426	25471.000	-69.973
426	25472.000	-69.906
426	25473.000	-69.841
426	25474.000	-69.790
426	25475.000	-69.759
426	25476.000	-69.743
426	25477.000	-69.739
426	25478.000	-69.744
426	25479.000	-69.755
426	25480.000	-69.769
426	25481.000	-69.785
426	25482.000	-69.801
426	25483.000	-69.818
426	25484.000	-69.833
426	25485.000	-69.848
426	25486.000	-69.862
426	25487.000	-69.874
426	25488.000	-69.886
426	25489.000	-69.897
426	25490.000	-69.906
426	25491.000	-69.915
426	25492.000	-69.923
426	25493.000	-69.930
426	25494.000	-69.937
426	25495.000	-69.943
426	25496.000	-69.948
426	25497.000	-69.953
426	25498.000	-69.958
426	25499.000	-69.962
426	25500.000	-69.965
426	25501.000	-69.969
426	25502.000	-69.972
426	25503.000	-69.974
426	25504.000	-69.977
426	25505.000	-69.979
426	25506.000	-69.981
426	25507.000	-69.983
426	25508.000	-69.984
426	25509.000	-69.986
426	25510.000	-69.987
426	25511.000	-69.988
426	25512.000	-69.990
426	25513.000	-69.991
426	25514.000	-69.991
426	25515.000	-69.992
426	25516.000	-69.993
426	25517.000	-69.994
426	25518.000	-69.994
426	25519.000	-69.995
426	25520.000	-69.995
426	25521.000	-69.996
426	25522.000	-69.996
426	25523.000	-69.997
426	25524.000	-69.997
426	25525.000	-69.997
426	25526.000	-69.997
426	25527.000	-69.998
426	25528.000	-69.998
426	25529.000	-69.998
426	25530.000	-69.998
426	25531.000	-69.998
426	25532.000	-69.987
426	25533.000	-69.927
426	25534.000	-69.859
426	25535.000	-69.803
426	25536.000	-69.766
426	25537.000	-69.746
426	25538.000	-69.739
426	25539.000	-69.742
426	25540.000	-69.752
426	25541.000	-69.765
426	25542.000	-69.780
426	25543.000	-69.796
426	25544.000	-69.813
426	25545.000	-69.829
426	25546.000	-69.844
426	25547.000	-69.858
426	25548.000	-69.871
426	25549.000	-69.883
426	25550.000	-69.893
426	25551.000	-69.903
426	25552.000	-69.913
426	25553.000	-69.921
426	25554.000	-69.928
426	25555.000	-69.935
426	25556.000	-69.941
426	25557.000	-69.947
426	25558.000	-69.952
426	25559.000	-69.956
426	25560.000	-69.961
426	25561.000	-69.964
426	25562.000	-69.968
426	25563.000	-69.971
426	25564.000	-69.974
426	25565.000	-69.976
426	25566.000	-69.978
426	25567.000	-69.980
426	25568.000	-69.982
426	25569.000	-69.984
426	25570.000	-69.986
426	25571.000	-69.987
426	25572.000	-69.988
426	25573.000	-69.989
426	25574.000	-69.990
426	25575.000	-69.991
426	25576.000	-69.992
426	25577.000	-69.993
426	25578.000	-69.993
426	25579.000	-69.994
426	25580.000	-69.995
426	25581.000	-69.995
426	25582.000	-69.996
426	25583.000	-69.996
426	25584.000	-69.996
426	25585.000	-69.997
426	25586.000	-69.997
426	25587.000	-69.997
426	25588.000	-69.998
426	25589.000	-69.998
426	25590.000	-69.998
426	25591.000	-69.998
426	25592.000	-69.998
426	25593.000	-69.997
426	25594.000	-69.948
426	25595.000	-69.879
426	25596.000	-69.818
426	25597.000	-69.776
426	25598.000	-69.751
426	25599.000	-69.740
426	25600.000	-69.741
426	25601.000	-69.748
426	25602.000	-69.761
426	25603.000	-69.775
426	25604.000	-69.792
426	25605.000	-69.808
426	25606.000	-69.824
426	25607.000	-69.839
426	25608.000	-69.853
426	25609.000	-69.867
426	25610.000	-69.879
426	25611.000	-69.890
426	25612.000	-69.901
426	25613.000	-69.910
426	25614.000	-69.918
426	25615.000	-69.926
426	25616.000	-69.933
426	25617.000	-69.939
426	25618.000	-69.945
426	25619.000	-69.950
426	25620.000	-69.955
426	25621.000	-69.959
426	25622.000	-69.963
426	25623.000	-69.967
426	25624.000	-69.970
426	25625.000	-69.973
426	25626.000	-69.975
426	25627.000	-69.978
426	25628.000	-69.980
426	25629.000	-69.982
426	25630.000	-69.983
426	25631.000	-69.985
426	25632.000	-69.986
426	25633.000	-69.988
426	25634.000	-69.989
426	25635.000	-69.990
426	25636.000	-69.991
426	25637.000	-69.992
426	25638.000	-69.993
426	25639.000	-69.993
426	25640.000	-69.994
426	25641.000	-69.995
426	25642.000	-69.995
426	25643.000	-69.996
426	25644.000	-69.996
426	25645.000	-69.996
426	25646.000	-69.997
426	25647.000	-69.997
426	25648.000	-69.997
426	25649.000	-69.998
426	25650.000	-69.998
426	25651.000	-69.998
426	25652.000	-69.998
426	25653.000	-69.998
426	25654.000	-69.999
426	25655.000	-69.967
426	25656.000	-69.899
426	25657.000	-69.835
426	25658.000	-69.786
426	25659.000	-69.756
426	25660.000	-69.742
426	25661.000	-69.740
426	25662.000	-69.745
426	25663.000	-69.757
426	25664.000	-69.771
426	25665.000	-69.787
426	25666.000	-69.803
426	25667.000	-69.819
426	25668.000	-69.835
426	25669.000	-69.849
426	25670.000	-69.863
426	25671.000	-69.875
426	25672.000	-69.887
426	25673.000	-69.898
426	25674.000	-69.907
426	25675.000	-69.916
426	25676.000	-69.924
426	25677.000	-69.931
426	25678.000	-69.938
426	25679.000	-69.944
426	25680.000	-69.949
426	25681.000	-69.954
426	25682.000	-69.958
426	25683.000	-69.962
426	25684.000	-69.966
426	25685.000	-69.969
426	25686.000	-69.972
426	25687.000	-69.975
426	25688.000	-69.977
426	25689.000	-69.979
426	25690.000	-69.981
426	25691.000	-69.983
426	25692.000	-69.985
426	25693.000	-69.986
426	25694.000	-69.987
426	25695.000	-69.989
426	25696.000	-69.990
426	25697.000	-69.991
426	25698.000	-69.992
426	25699.000	-69.992
426	25700.000	-69.993
426	25701.000	-69.994
426	25702.000	-69.994
426	25703.000	-69.995
426	25704.000	-69.995
426	25705.000	-69.996
426	25706.000	-69.996
426	25707.000	-69.997
426	25708.000	-69.997
426	25709.000	-69.997
426	25710.000	-69.997
426	25711.000	-69.998
426	25712.000	-69.998
426	25713.000	-69.998
426	25714.000	-69.998
426	25715.000	-69.998
426	25716.000	-69.983
426	25717.000	-69.920
426	25718.000	-69.853
426	25719.000	-69.799
426	25720.000	-69.764
426	25721.000	-69.745
426	25722.000	-69.739
426	25723.000	-69.743
426	25724.000	-69.753
426	25725.000	-69.766
426	25726.000	-69.782
426	25727.000	-69.798
426	25728.000	-69.814
426	25729.000	-69.830
426	25730.000	-69.845
426	25731.000	-69.859
426	25732.000	-69.872
426	25733.000	-69.884
426	25734.000	-69.895
426	25735.000	-69.904
426	25736.000	-69.913
426	25737.000	-69.922
426	25738.000	-69.929
426	25739.000	-69.936
426	25740.000	-69.942
426	25741.000	-69.947
426	25742.000	-69.952
426	25743.000	-69.957
426	25744.000	-69.961
426	25745.000	-69.965
426	25746.000	-69.968
426	25747.000	-69.971
426	25748.000	-69.974
426	25749.000	-69.976
426	25750.000	-69.979
426	25751.000	-69.981
426	25752.000	-69.982
426	25753.000	-69.984
426	25754.000	-69.986
426	25755.000	-69.987
426	25756.000	-69.988
426	25757.000	-69.989
426	25758.000	-69.990
426	25759.000	-69.991
426	25760.000	-69.992
426	25761.000	-69.993
426	25762.000	-69.994
426	25763.000	-69.994
426	25764.000	-69.995
426	25765.000	-69.995
426	25766.000	-69.996
426	25767.000	-69.996
426	25768.000	-69.996
426	25769.000	-69.997
426	25770.000	-69.997
426	25771.000	-69.997
426	25772.000	-69.998
426	25773.000	-69.998
426	25774.000	-69.998
426	25775.000	-69.998
426	25776.000	-69.998
426	25777.000	-69.994
426	25778.000	-69.941
426	25779.000	-69.872
426	25780.000	-69.813
426	25781.000	-69.772
426	25782.000	-69.749
426	25783.000	-69.740
426	25784.000	-69.741
426	25785.000	-69.749
426	25786.000	-69.762
426	25787.000	-69.777
426	25788.000	-69.793
426	25789.000	-69.810
426	25790.000	-69.825
426	25791.000	-69.841
426	25792.000	-69.855
426	25793.000	-69.868
426	25794.000	-69.880
426	25795.000	-69.891
426	25796.000	-69.902
426	25797.000	-69.911
426	25798.000	-69.919
426	25799.000	-69.927
426	25800.000	-69.934
426	25801.000	-69.940
426	25802.000	-69.946
426	25803.000	-69.951
426	25804.000	-69.956
426	25805.000	-69.960
426	25806.000	-69.964
426	25807.000	-69.967
426	25808.000	-69.970
426	25809.000	-69.973
426	25810.000	-69.976
426	25811.000	-69.978
426	25812.000	-69.980
426	25813.000	-69.982
426	25814.000	-69.984
426	25815.000	-69.985
426	25816.000	-69.987
426	25817.000	-69.988
426	25818.000	-69.989
426	25819.000	-69.990
426	25820.000	-69.991
426	25821.000	-69.992
426	25822.000	-69.993
426	25823.000	-69.993
426	25824.000	-69.994
426	25825.000	-69.995
426	25826.000	-69.995
426	25827.000	-69.996
426	25828.000	-69.996
426	25829.000	-69.996
426	25830.000	-69.997
426	25831.000	-69.997
426	25832.000	-69.997
426	25833.000	-69.998
426	25834.000	-69.998
426	25835.000	-69.998
426	25836.000	-69.998
426	25837.000	-69.998
426	25838.000	-69.999
426	25839.000	-69.961
426	25840.000	-69.892
426	25841.000	-69.829
426	25842.000	-69.783
426	25843.000	-69.754
426	25844.000	-69.741
426	25845.000	-69.740
426	25846.000	-69.746
426	25847.000	-69.758
426	25848.000	-69.772
426	25849.000	-69.788
426	25850.000	-69.805
426	25851.000	-69.821
426	25852.000	-69.836
426	25853.000	-69.851
426	25854.000	-69.864
426	25855.000	-69.877
426	25856.000	-69.888
426	25857.000	-69.899
426	25858.000	-69.908
426	25859.000	-69.917
426	25860.000	-69.925
426	25861.000	-69.932
426	25862.000	-69.938
426	25863.000	-69.944
426	25864.000	-69.949
426	25865.000	-69.954
426	25866.000	-69.959
426	25867.000	-69.963
426	25868.000	-69.966
426	25869.000	-69.969
426	25870.000	-69.972
426	25871.000	-69.975
426	25872.000	-69.977
426	25873.000	-69.979
426	25874.000	-69.981
426	25875.000	-69.983
426	25876.000	-69.985
426	25877.000	-69.986
426	25878.000	-69.988
426	25879.000	-69.989
426	25880.000	-69.990
426	25881.000	-69.991
426	25882.000	-69.992
426	25883.000	-69.992
426	25884.000	-69.993
426	25885.000	-69.994
426	25886.000	-69.994
426	25887.000	-69.995
426	25888.000	-69.995
426	25889.000	-69.996
426	25890.000	-69.996
426	25891.000	-69.997
426	25892.000	-69.997
426	25893.000	-69.997
426	25894.000	-69.997
426	25895.000	-69.998
426	25896.000	-69.998
426	25897.000	-69.998
426	25898.000	-69.998
426	25899.000	-69.998
426	25900.000	-69.978
426	25901.000	-69.913
426	25902.000	-69.847
426	25903.000	-69.795
426	25904.000	-69.761
426	25905.000	-69.744
426	25906.000	-69.739
426	25907.000	-69.744
426	25908.000	-69.754
426	25909.000	-69.768
426	25910.000	-69.783
426	25911.000	-69.800
426	25912.000	-69.816
426	25913.000	-69.832
426	25914.000	-69.846
426	25915.000	-69.860
426	25916.000	-69.873
426	25917.000	-69.885
426	25918.000	-69.896
426	25919.000	-69.905
426	25920.000	-69.914
426	25921.000	-69.922
426	25922.000	-69.930
426	25923.000	-69.936
426	25924.000	-69.942
426	25925.000	-69.948
426	25926.000	-69.953
426	25927.000	-69.957
426	25928.000	-69.961
426	25929.000	-69.965
426	25930.000	-69.968
426	25931.000	-69.971
426	25932.000	-69.974
426	25933.000	-69.977
426	25934.000	-69.979
426	25935.000	-69.981
426	25936.000	-69.983
426	25937.000	-69.984
426	25938.000	-69.986
426	25939.000	-69.987
426	25940.000	-69.988
426	25941.000	-69.989
426	25942.000	-69.990
426	25943.000	-69.991
426	25944.000	-69.992
426	25945.000	-69.993
426	25946.000	-69.994
426	25947.000	-69.994
426	25948.000	-69.995
426	25949.000	-69.995
426	25950.000	-69.996
426	25951.000	-69.996
426	25952.000	-69.996
426	25953.000	-69.997
426	25954.000	-69.997
426	25955.000	-69.997
426	25956.000	-69.998
426	25957.000	-69.998
426	25958.000	-69.998
426	25959.000	-69.998
426	25960.000	-69.998
426	25961.000	-69.991
426	25962.000	-69.934
426	25963.000	-69.865
426	25964.000	-69.808
426	25965.000	-69.769
426	25966.000	-69.747
426	25967.000	-69.740
426	25968.000	-69.742
426	25969.000	-69.750
426	25970.000	-69.763
426	25971.000	-69.779
426	25972.000	-69.795
426	25973.000	-69.811
426	25974.000	-69.827
426	25975.000	-69.842
426	25976.000	-69.856
426	25977.000	-69.869
426	25978.000	-69.881
426	25979.000	-69.892
426	25980.000	-69.902
426	25981.000	-69.912
426	25982.000	-69.920
426	25983.000	-69.928
426	25984.000	-69.934
426	25985.000	-69.941
426	25986.000	-69.946
426	25987.000	-69.951
426	25988.000	-69.956
426	25989.000	-69.960
426	25990.000	-69.964
426	25991.000	-69.967
426	25992.000	-69.971
426	25993.000	-69.973
426	25994.000	-69.976
426	25995.000	-69.978
426	25996.000	-69.980
426	25997.000	-69.982
426	25998.000	-69.984
426	25999.000	-69.985
