# NEST version: 3.8.0
# RecordingBackendASCII version: 2
sender	time_ms	V_m
422	24001.000	-70.000
422	24002.000	-70.000
422	24003.000	-70.000
422	24004.000	-70.000
422	24005.000	-70.000
422	24006.000	-70.000
422	24007.000	-70.000
422	24008.000	-70.000
422	24009.000	-70.000
422	24010.000	-70.000
422	24011.000	-70.000
422	24012.000	-70.000
422	24013.000	-70.000
422	24014.000	-70.000
422	24015.000	-70.000
422	24016.000	-70.000
422	24017.000	-70.000
422	24018.000	-70.000
422	24019.000	-70.000
422	24020.000	-70.000
422	24021.000	-70.000
422	24022.000	-70.000
422	24023.000	-70.000
422	24024.000	-70.000
422	24025.000	-70.000
422	24026.000	-70.000
422	24027.000	-70.000
422	24028.000	-70.000
422	24029.000	-70.000
422	24030.000	-70.000
422	24031.000	-70.000
422	24032.000	-70.000
422	24033.000	-70.000
422	24034.000	-70.000
422	24035.000	-70.000
422	24036.000	-70.000
422	24037.000	-70.000
422	24038.000	-70.000
422	24039.000	-70.000
422	24040.000	-70.000
422	24041.000	-70.000
422	24042.000	-70.000
422	24043.000	-70.000
422	24044.000	-70.000
422	24045.000	-70.000
422	24046.000	-70.000
422	24047.000	-70.000
422	24048.000	-70.000
422	24049.000	-70.000
422	24050.000	-70.000
422	24051.000	-70.000
422	24052.000	-70.000
422	24053.000	-70.000
422	24054.000	-70.000
422	24055.000	-70.000
422	24056.000	-70.000
422	24057.000	-70.000
422	24058.000	-70.000
422	24059.000	-70.000
422	24060.000	-70.000
422	24061.000	-69.979
422	24062.000	-69.915
422	24063.000	-69.848
422	24064.000	-69.796
422	24065.000	-69.762
422	24066.000	-69.745
422	24067.000	-69.740
422	24068.000	-69.744
422	24069.000	-69.755
422	24070.000	-69.768
422	24071.000	-69.784
422	24072.000	-69.800
422	24073.000	-69.816
422	24074.000	-69.832
422	24075.000	-69.847
422	24076.000	-69.861
422	24077.000	-69.873
422	24078.000	-69.885
422	24079.000	-69.896
422	24080.000	-69.906
422	24081.000	-69.914
422	24082.000	-69.923
422	24083.000	-69.930
422	24084.000	-69.937
422	24085.000	-69.943
422	24086.000	-69.948
422	24087.000	-69.953
422	24088.000	-69.957
422	24089.000	-69.961
422	24090.000	-69.965
422	24091.000	-69.968
422	24092.000	-69.971
422	24093.000	-69.974
422	24094.000	-69.977
422	24095.000	-69.979
422	24096.000	-69.981
422	24097.000	-69.983
422	24098.000	-69.984
422	24099.000	-69.986
422	24100.000	-69.987
422	24101.000	-69.988
422	24102.000	-69.989
422	24103.000	-69.990
422	24104.000	-69.991
422	24105.000	-69.992
422	24106.000	-69.993
422	24107.000	-69.994
422	24108.000	-69.994
422	24109.000	-69.995
422	24110.000	-69.995
422	24111.000	-69.996
422	24112.000	-69.996
422	24113.000	-69.997
422	24114.000	-69.997
422	24115.000	-69.997
422	24116.000	-69.997
422	24117.000	-69.998
422	24118.000	-69.998
422	24119.000	-69.998
422	24120.000	-69.998
422	24121.000	-69.998
422	24122.000	-69.991
422	24123.000	-69.934
422	24124.000	-69.865
422	24125.000	-69.808
422	24126.000	-69.769
422	24127.000	-69.747
422	24128.000	-69.740
422	24129.000	-69.742
422	24130.000	-69.750
422	24131.000	-69.763
422	24132.000	-69.779
422	24133.000	-69.795
422	24134.000	-69.811
422	24135.000	-69.827
422	24136.000	-69.842
422	24137.000	-69.856
422	24138.000	-69.869
422	24139.000	-69.881
422	24140.000	-69.892
422	24141.000	-69.902
422	24142.000	-69.912
422	24143.000	-69.920
422	24144.000	-69.928
422	24145.000	-69.934
422	24146.000	-69.941
422	24147.000	-69.946
422	24148.000	-69.951
422	24149.000	-69.956
422	24150.000	-69.960
422	24151.000	-69.964
422	24152.000	-69.967
422	24153.000	-69.971
422	24154.000	-69.973
422	24155.000	-69.976
422	24156.000	-69.978
422	24157.000	-69.980
422	24158.000	-69.982
422	24159.000	-69.984
422	24160.000	-69.985
422	24161.000	-69.987
422	24162.000	-69.988
422	24163.000	-69.989
422	24164.000	-69.990
422	24165.000	-69.991
422	24166.000	-69.992
422	24167.000	-69.993
422	24168.000	-69.993
422	24169.000	-69.994
422	24170.000	-69.995
422	24171.000	-69.995
422	24172.000	-69.996
422	24173.000	-69.996
422	24174.000	-69.996
422	24175.000	-69.997
422	24176.000	-69.997
422	24177.000	-69.997
422	24178.000	-69.998
422	24179.000	-69.998
422	24180.000	-69.998
422	24181.000	-69.998
422	24182.000	-69.998
422	24183.000	-69.998
422	24184.000	-69.954
422	24185.000	-69.886
422	24186.000	-69.824
422	24187.000	-69.779
422	24188.000	-69.752
422	24189.000	-69.741
422	24190.000	-69.740
422	24191.000	-69.747
422	24192.000	-69.759
422	24193.000	-69.774
422	24194.000	-69.790
422	24195.000	-69.806
422	24196.000	-69.822
422	24197.000	-69.838
422	24198.000	-69.852
422	24199.000	-69.865
422	24200.000	-69.878
422	24201.000	-69.889
422	24202.000	-69.900
422	24203.000	-69.909
422	24204.000	-69.918
422	24205.000	-69.925
422	24206.000	-69.932
422	24207.000	-69.939
422	24208.000	-69.945
422	24209.000	-69.950
422	24210.000	-69.955
422	24211.000	-69.959
422	24212.000	-69.963
422	24213.000	-69.966
422	24214.000	-69.970
422	24215.000	-69.973
422	24216.000	-69.975
422	24217.000	-69.977
422	24218.000	-69.980
422	24219.000	-69.982
422	24220.000	-69.983
422	24221.000	-69.985
422	24222.000	-69.986
422	24223.000	-69.988
422	24224.000	-69.989
422	24225.000	-69.990
422	24226.000	-69.991
422	24227.000	-69.992
422	24228.000	-69.993
422	24229.000	-69.993
422	24230.000	-69.994
422	24231.000	-69.994
422	24232.000	-69.995
422	24233.000	-69.995
422	24234.000	-69.996
422	24235.000	-69.996
422	24236.000	-69.997
422	24237.000	-69.997
422	24238.000	-69.997
422	24239.000	-69.998
422	24240.000	-69.998
422	24241.000	-69.998
422	24242.000	-69.998
422	24243.000	-69.998
422	24244.000	-69.998
422	24245.000	-69.973
422	24246.000	-69.906
422	24247.000	-69.841
422	24248.000	-69.790
422	24249.000	-69.759
422	24250.000	-69.743
422	24251.000	-69.739
422	24252.000	-69.744
422	24253.000	-69.755
422	24254.000	-69.769
422	24255.000	-69.785
422	24256.000	-69.801
422	24257.000	-69.818
422	24258.000	-69.833
422	24259.000	-69.848
422	24260.000	-69.862
422	24261.000	-69.874
422	24262.000	-69.886
422	24263.000	-69.897
422	24264.000	-69.906
422	24265.000	-69.915
422	24266.000	-69.923
422	24267.000	-69.930
422	24268.000	-69.937
422	24269.000	-69.943
422	24270.000	-69.948
422	24271.000	-69.953
422	24272.000	-69.958
422	24273.000	-69.962
422	24274.000	-69.965
422	24275.000	-69.969
422	24276.000	-69.972
422	24277.000	-69.974
422	24278.000	-69.977
422	24279.000	-69.979
422	24280.000	-69.981
422	24281.000	-69.983
422	24282.000	-69.984
422	24283.000	-69.986
422	24284.000	-69.987
422	24285.000	-69.988
422	24286.000	-69.990
422	24287.000	-69.991
422	24288.000	-69.991
422	24289.000	-69.992
422	24290.000	-69.993
422	24291.000	-69.994
422	24292.000	-69.994
422	24293.000	-69.995
422	24294.000	-69.995
422	24295.000	-69.996
422	24296.000	-69.996
422	24297.000	-69.997
422	24298.000	-69.997
422	24299.000	-69.997
422	24300.000	-69.997
422	24301.000	-69.998
422	24302.000	-69.998
422	24303.000	-69.998
422	24304.000	-69.998
422	24305.000	-69.998
422	24306.000	-69.987
422	24307.000	-69.927
422	24308.000	-69.859
422	24309.000	-69.803
422	24310.000	-69.766
422	24311.000	-69.746
422	24312.000	-69.739
422	24313.000	-69.742
422	24314.000	-69.752
422	24315.000	-69.765
422	24316.000	-69.780
422	24317.000	-69.796
422	24318.000	-69.813
422	24319.000	-69.829
422	24320.000	-69.844
422	24321.000	-69.858
422	24322.000	-69.871
422	24323.000	-69.883
422	24324.000	-69.893
422	24325.000	-69.903
422	24326.000	-69.913
422	24327.000	-69.921
422	24328.000	-69.928
422	24329.000	-69.935
422	24330.000	-69.941
422	24331.000	-69.947
422	24332.000	-69.952
422	24333.000	-69.956
422	24334.000	-69.961
422	24335.000	-69.964
422	24336.000	-69.968
422	24337.000	-69.971
422	24338.000	-69.974
422	24339.000	-69.976
422	24340.000	-69.978
422	24341.000	-69.980
422	24342.000	-69.982
422	24343.000	-69.984
422	24344.000	-69.986
422	24345.000	-69.987
422	24346.000	-69.988
422	24347.000	-69.989
422	24348.000	-69.990
422	24349.000	-69.991
422	24350.000	-69.992
422	24351.000	-69.993
422	24352.000	-69.993
422	24353.000	-69.994
422	24354.000	-69.995
422	24355.000	-69.995
422	24356.000	-69.996
422	24357.000	-69.996
422	24358.000	-69.996
422	24359.000	-69.997
422	24360.000	-69.997
422	24361.000	-69.997
422	24362.000	-69.998
422	24363.000	-69.998
422	24364.000	-69.998
422	24365.000	-69.998
422	24366.000	-69.998
422	24367.000	-69.997
422	24368.000	-69.948
422	24369.000	-69.879
422	24370.000	-69.818
422	24371.000	-69.776
422	24372.000	-69.751
422	24373.000	-69.740
422	24374.000	-69.741
422	24375.000	-69.748
422	24376.000	-69.761
422	24377.000	-69.775
422	24378.000	-69.792
422	24379.000	-69.808
422	24380.000	-69.824
422	24381.000	-69.839
422	24382.000	-69.853
422	24383.000	-69.867
422	24384.000	-69.879
422	24385.000	-69.890
422	24386.000	-69.901
422	24387.000	-69.910
422	24388.000	-69.918
422	24389.000	-69.926
422	24390.000	-69.933
422	24391.000	-69.939
422	24392.000	-69.945
422	24393.000	-69.950
422	24394.000	-69.955
422	24395.000	-69.959
422	24396.000	-69.963
422	24397.000	-69.967
422	24398.000	-69.970
422	24399.000	-69.973
422	24400.000	-69.975
422	24401.000	-69.978
422	24402.000	-69.980
422	24403.000	-69.982
422	24404.000	-69.983
422	24405.000	-69.985
422	24406.000	-69.986
422	24407.000	-69.988
422	24408.000	-69.989
422	24409.000	-69.990
422	24410.000	-69.991
422	24411.000	-69.992
422	24412.000	-69.993
422	24413.000	-69.993
422	24414.000	-69.994
422	24415.000	-69.995
422	24416.000	-69.995
422	24417.000	-69.996
422	24418.000	-69.996
422	24419.000	-69.996
422	24420.000	-69.997
422	24421.000	-69.997
422	24422.000	-69.997
422	24423.000	-69.998
422	24424.000	-69.998
422	24425.000	-69.998
422	24426.000	-69.998
422	24427.000	-69.998
422	24428.000	-69.999
422	24429.000	-69.967
422	24430.000	-69.899
422	24431.000	-69.835
422	24432.000	-69.786
422	24433.000	-69.756
422	24434.000	-69.742
422	24435.000	-69.740
422	24436.000	-69.745
422	24437.000	-69.757
422	24438.000	-69.771
422	24439.000	-69.787
422	24440.000	-69.803
422	24441.000	-69.819
422	24442.000	-69.835
422	24443.000	-69.849
422	24444.000	-69.863
422	24445.000	-69.875
422	24446.000	-69.887
422	24447.000	-69.898
422	24448.000	-69.907
422	24449.000	-69.916
422	24450.000	-69.924
422	24451.000	-69.931
422	24452.000	-69.938
422	24453.000	-69.944
422	24454.000	-69.949
422	24455.000	-69.954
422	24456.000	-69.958
422	24457.000	-69.962
422	24458.000	-69.966
422	24459.000	-69.969
422	24460.000	-69.972
422	24461.000	-69.975
422	24462.000	-69.977
422	24463.000	-69.979
422	24464.000	-69.981
422	24465.000	-69.983
422	24466.000	-69.985
422	24467.000	-69.986
422	24468.000	-69.987
422	24469.000	-69.989
422	24470.000	-69.990
422	24471.000	-69.991
422	24472.000	-69.992
422	24473.000	-69.992
422	24474.000	-69.993
422	24475.000	-69.994
422	24476.000	-69.994
422	24477.000	-69.995
422	24478.000	-69.995
422	24479.000	-69.996
422	24480.000	-69.996
422	24481.000	-69.997
422	24482.000	-69.997
422	24483.000	-69.997
422	24484.000	-69.997
422	24485.000	-69.998
422	24486.000	-69.998
422	24487.000	-69.998
422	24488.000	-69.998
422	24489.000	-69.998
422	24490.000	-69.983
422	24491.000	-69.920
422	24492.000	-69.853
422	24493.000	-69.799
422	24494.000	-69.764
422	24495.000	-69.745
422	24496.000	-69.739
422	24497.000	-69.743
422	24498.000	-69.753
422	24499.000	-69.766
422	24500.000	-69.782
422	24501.000	-69.798
422	24502.000	-69.814
422	24503.000	-69.830
422	24504.000	-69.845
422	24505.000	-69.859
422	24506.000	-69.872
422	24507.000	-69.884
422	24508.000	-69.895
422	24509.000	-69.904
422	24510.000	-69.913
422	24511.000	-69.922
422	24512.000	-69.929
422	24513.000	-69.936
422	24514.000	-69.942
422	24515.000	-69.947
422	24516.000	-69.952
422	24517.000	-69.957
422	24518.000	-69.961
422	24519.000	-69.965
422	24520.000	-69.968
422	24521.000	-69.971
422	24522.000	-69.974
422	24523.000	-69.976
422	24524.000	-69.979
422	24525.000	-69.981
422	24526.000	-69.982
422	24527.000	-69.984
422	24528.000	-69.986
422	24529.000	-69.987
422	24530.000	-69.988
422	24531.000	-69.989
422	24532.000	-69.990
422	24533.000	-69.991
422	24534.000	-69.992
422	24535.000	-69.993
422	24536.000	-69.994
422	24537.000	-69.994
422	24538.000	-69.995
422	24539.000	-69.995
422	24540.000	-69.996
422	24541.000	-69.996
422	24542.000	-69.996
422	24543.000	-69.997
422	24544.000	-69.997
422	24545.000	-69.997
422	24546.000	-69.998
422	24547.000	-69.998
422	24548.000	-69.998
422	24549.000	-69.998
422	24550.000	-69.998
422	24551.000	-69.994
422	24552.000	-69.941
422	24553.000	-69.872
422	24554.000	-69.813
422	24555.000	-69.772
422	24556.000	-69.749
422	24557.000	-69.740
422	24558.000	-69.741
422	24559.000	-69.749
422	24560.000	-69.762
422	24561.000	-69.777
422	24562.000	-69.793
422	24563.000	-69.810
422	24564.000	-69.825
422	24565.000	-69.841
422	24566.000	-69.855
422	24567.000	-69.868
422	24568.000	-69.880
422	24569.000	-69.891
422	24570.000	-69.902
422	24571.000	-69.911
422	24572.000	-69.919
422	24573.000	-69.927
422	24574.000	-69.934
422	24575.000	-69.940
422	24576.000	-69.946
422	24577.000	-69.951
422	24578.000	-69.956
422	24579.000	-69.960
422	24580.000	-69.964
422	24581.000	-69.967
422	24582.000	-69.970
422	24583.000	-69.973
422	24584.000	-69.976
422	24585.000	-69.978
422	24586.000	-69.980
422	24587.000	-69.982
422	24588.000	-69.984
422	24589.000	-69.985
422	24590.000	-69.987
422	24591.000	-69.988
422	24592.000	-69.989
422	24593.000	-69.990
422	24594.000	-69.991
422	24595.000	-69.992
422	24596.000	-69.993
422	24597.000	-69.993
422	24598.000	-69.994
422	24599.000	-69.995
422	24600.000	-69.995
422	24601.000	-69.996
422	24602.000	-69.996
422	24603.000	-69.996
422	24604.000	-69.997
422	24605.000	-69.997
422	24606.000	-69.997
422	24607.000	-69.998
422	24608.000	-69.998
422	24609.000	-69.998
422	24610.000	-69.998
422	24611.000	-69.998
422	24612.000	-69.999
422	24613.000	-69.961
422	24614.000	-69.892
422	24615.000	-69.829
422	24616.000	-69.783
422	24617.000	-69.754
422	24618.000	-69.741
422	24619.000	-69.740
422	24620.000	-69.746
422	24621.000	-69.758
422	24622.000	-69.772
422	24623.000	-69.788
422	24624.000	-69.805
422	24625.000	-69.821
422	24626.000	-69.836
422	24627.000	-69.851
422	24628.000	-69.864
422	24629.000	-69.877
422	24630.000	-69.888
422	24631.000	-69.899
422	24632.000	-69.908
422	24633.000	-69.917
422	24634.000	-69.925
422	24635.000	-69.932
422	24636.000	-69.938
422	24637.000	-69.944
422	24638.000	-69.949
422	24639.000	-69.954
422	24640.000	-69.959
422	24641.000	-69.963
422	24642.000	-69.966
422	24643.000	-69.969
422	24644.000	-69.972
422	24645.000	-69.975
422	24646.000	-69.977
422	24647.000	-69.979
422	24648.000	-69.981
422	24649.000	-69.983
422	24650.000	-69.985
422	24651.000	-69.986
422	24652.000	-69.988
422	24653.000	-69.989
422	24654.000	-69.990
422	24655.000	-69.991
422	24656.000	-69.992
422	24657.000	-69.992
422	24658.000	-69.993
422	24659.000	-69.994
422	24660.000	-69.994
422	24661.000	-69.995
422	24662.000	-69.995
422	24663.000	-69.996
422	24664.000	-69.996
422	24665.000	-69.997
422	24666.000	-69.997
422	24667.000	-69.997
422	24668.000	-69.997
422	24669.000	-69.998
422	24670.000	-69.998
422	24671.000	-69.998
422	24672.000	-69.998
422	24673.000	-69.998
422	24674.000	-69.978
422	24675.000	-69.913
422	24676.000	-69.847
422	24677.000	-69.795
422	24678.000	-69.761
422	24679.000	-69.744
422	24680.000	-69.739
422	24681.000	-69.744
422	24682.000	-69.754
422	24683.000	-69.768
422	24684.000	-69.783
422	24685.000	-69.800
422	24686.000	-69.816
422	24687.000	-69.832
422	24688.000	-69.846
422	24689.000	-69.860
422	24690.000	-69.873
422	24691.000	-69.885
422	24692.000	-69.896
422	24693.000	-69.905
422	24694.000	-69.914
422	24695.000	-69.922
422	24696.000	-69.930
422	24697.000	-69.936
422	24698.000	-69.942
422	24699.000	-69.948
422	24700.000	-69.953
422	24701.000	-69.957
422	24702.000	-69.961
422	24703.000	-69.965
422	24704.000	-69.968
422	24705.000	-69.971
422	24706.000	-69.974
422	24707.000	-69.977
422	24708.000	-69.979
422	24709.000	-69.981
422	24710.000	-69.983
422	24711.000	-69.984
422	24712.000	-69.986
422	24713.000	-69.987
422	24714.000	-69.988
422	24715.000	-69.989
422	24716.000	-69.990
422	24717.000	-69.991
422	24718.000	-69.992
422	24719.000	-69.993
422	24720.000	-69.994
422	24721.000	-69.994
422	24722.000	-69.995
422	24723.000	-69.995
422	24724.000	-69.996
422	24725.000	-69.996
422	24726.000	-69.996
422	24727.000	-69.997
422	24728.000	-69.997
422	24729.000	-69.997
422	24730.000	-69.998
422	24731.000	-69.998
422	24732.000	-69.998
422	24733.000	-69.998
422	24734.000	-69.998
422	24735.000	-69.991
422	24736.000	-69.934
422	24737.000	-69.865
422	24738.000	-69.808
422	24739.000	-69.769
422	24740.000	-69.747
422	24741.000	-69.740
422	24742.000	-69.742
422	24743.000	-69.750
422	24744.000	-69.763
422	24745.000	-69.779
422	24746.000	-69.795
422	24747.000	-69.811
422	24748.000	-69.827
422	24749.000	-69.842
422	24750.000	-69.856
422	24751.000	-69.869
422	24752.000	-69.881
422	24753.000	-69.892
422	24754.000	-69.902
422	24755.000	-69.912
422	24756.000	-69.920
422	24757.000	-69.928
422	24758.000	-69.934
422	24759.000	-69.941
422	24760.000	-69.946
422	24761.000	-69.951
422	24762.000	-69.956
422	24763.000	-69.960
422	24764.000	-69.964
422	24765.000	-69.967
422	24766.000	-69.971
422	24767.000	-69.973
422	24768.000	-69.976
422	24769.000	-69.978
422	24770.000	-69.980
422	24771.000	-69.982
422	24772.000	-69.984
422	24773.000	-69.985
422	24774.000	-69.987
422	24775.000	-69.988
422	24776.000	-69.989
422	24777.000	-69.990
422	24778.000	-69.991
422	24779.000	-69.992
422	24780.000	-69.993
422	24781.000	-69.993
422	24782.000	-69.994
422	24783.000	-69.995
422	24784.000	-69.995
422	24785.000	-69.996
422	24786.000	-69.996
422	24787.000	-69.996
422	24788.000	-69.997
422	24789.000	-69.997
422	24790.000	-69.997
422	24791.000	-69.998
422	24792.000	-69.998
422	24793.000	-69.998
422	24794.000	-69.998
422	24795.000	-69.998
422	24796.000	-69.998
422	24797.000	-69.954
422	24798.000	-69.886
422	24799.000	-69.824
422	24800.000	-69.779
422	24801.000	-69.752
422	24802.000	-69.741
422	24803.000	-69.740
422	24804.000	-69.747
422	24805.000	-69.759
422	24806.000	-69.774
422	24807.000	-69.790
422	24808.000	-69.806
422	24809.000	-69.822
422	24810.000	-69.838
422	24811.000	-69.852
422	24812.000	-69.865
422	24813.000	-69.878
422	24814.000	-69.889
422	24815.000	-69.900
422	24816.000	-69.909
422	24817.000	-69.918
422	24818.000	-69.925
422	24819.000	-69.932
422	24820.000	-69.939
422	24821.000	-69.945
422	24822.000	-69.950
422	24823.000	-69.955
422	24824.000	-69.959
422	24825.000	-69.963
422	24826.000	-69.966
422	24827.000	-69.970
422	24828.000	-69.973
422	24829.000	-69.975
422	24830.000	-69.977
422	24831.000	-69.980
422	24832.000	-69.982
422	24833.000	-69.983
422	24834.000	-69.985
422	24835.000	-69.986
422	24836.000	-69.988
422	24837.000	-69.989
422	24838.000	-69.990
422	24839.000	-69.991
422	24840.000	-69.992
422	24841.000	-69.993
422	24842.000	-69.993
422	24843.000	-69.994
422	24844.000	-69.994
422	24845.000	-69.995
422	24846.000	-69.995
422	24847.000	-69.996
422	24848.000	-69.996
422	24849.000	-69.997
422	24850.000	-69.997
422	24851.000	-69.997
422	24852.000	-69.998
422	24853.000	-69.998
422	24854.000	-69.998
422	24855.000	-69.998
422	24856.000	-69.998
422	24857.000	-69.998
422	24858.000	-69.973
422	24859.000	-69.906
422	24860.000	-69.841
422	24861.000	-69.790
422	24862.000	-69.759
422	24863.000	-69.743
422	24864.000	-69.739
422	24865.000	-69.744
422	24866.000	-69.755
422	24867.000	-69.769
422	24868.000	-69.785
422	24869.000	-69.801
422	24870.000	-69.818
422	24871.000	-69.833
422	24872.000	-69.848
422	24873.000	-69.862
422	24874.000	-69.874
422	24875.000	-69.886
422	24876.000	-69.897
422	24877.000	-69.906
422	24878.000	-69.915
422	24879.000	-69.923
422	24880.000	-69.930
422	24881.000	-69.937
422	24882.000	-69.943
422	24883.000	-69.948
422	24884.000	-69.953
422	24885.000	-69.958
422	24886.000	-69.962
422	24887.000	-69.965
422	24888.000	-69.969
422	24889.000	-69.972
422	24890.000	-69.974
422	24891.000	-69.977
422	24892.000	-69.979
422	24893.000	-69.981
422	24894.000	-69.983
422	24895.000	-69.984
422	24896.000	-69.986
422	24897.000	-69.987
422	24898.000	-69.988
422	24899.000	-69.990
422	24900.000	-69.991
422	24901.000	-69.991
422	24902.000	-69.992
422	24903.000	-69.993
422	24904.000	-69.994
422	24905.000	-69.994
422	24906.000	-69.995
422	24907.000	-69.995
422	24908.000	-69.996
422	24909.000	-69.996
422	24910.000	-69.997
422	24911.000	-69.997
422	24912.000	-69.997
422	24913.000	-69.997
422	24914.000	-69.998
422	24915.000	-69.998
422	24916.000	-69.998
422	24917.000	-69.998
422	24918.000	-69.998
422	24919.000	-69.987
422	24920.000	-69.927
422	24921.000	-69.859
422	24922.000	-69.803
422	24923.000	-69.766
422	24924.000	-69.746
422	24925.000	-69.739
422	24926.000	-69.742
422	24927.000	-69.752
422	24928.000	-69.765
422	24929.000	-69.780
422	24930.000	-69.796
422	24931.000	-69.813
422	24932.000	-69.829
422	24933.000	-69.844
422	24934.000	-69.858
422	24935.000	-69.871
422	24936.000	-69.883
422	24937.000	-69.893
422	24938.000	-69.903
422	24939.000	-69.913
422	24940.000	-69.921
422	24941.000	-69.928
422	24942.000	-69.935
422	24943.000	-69.941
422	24944.000	-69.947
422	24945.000	-69.952
422	24946.000	-69.956
422	24947.000	-69.961
422	24948.000	-69.964
422	24949.000	-69.968
422	24950.000	-69.971
422	24951.000	-69.974
422	24952.000	-69.976
422	24953.000	-69.978
422	24954.000	-69.980
422	24955.000	-69.982
422	24956.000	-69.984
422	24957.000	-69.986
422	24958.000	-69.987
422	24959.000	-69.988
422	24960.000	-69.989
422	24961.000	-69.990
422	24962.000	-69.991
422	24963.000	-69.992
422	24964.000	-69.993
422	24965.000	-69.993
422	24966.000	-69.994
422	24967.000	-69.995
422	24968.000	-69.995
422	24969.000	-69.996
422	24970.000	-69.996
422	24971.000	-69.996
422	24972.000	-69.997
422	24973.000	-69.997
422	24974.000	-69.997
422	24975.000	-69.998
422	24976.000	-69.998
422	24977.000	-69.998
422	24978.000	-69.998
422	24979.000	-69.998
422	24980.000	-69.997
422	24981.000	-69.948
422	24982.000	-69.879
422	24983.000	-69.818
422	24984.000	-69.776
422	24985.000	-69.751
422	24986.000	-69.740
422	24987.000	-69.741
422	24988.000	-69.748
422	24989.000	-69.761
422	24990.000	-69.775
422	24991.000	-69.792
422	24992.000	-69.808
422	24993.000	-69.824
422	24994.000	-69.839
422	24995.000	-69.853
422	24996.000	-69.867
422	24997.000	-69.879
422	24998.000	-69.890
422	24999.000	-69.901
422	25000.000	-69.910
422	25001.000	-69.918
422	25002.000	-69.926
422	25003.000	-69.933
422	25004.000	-69.939
422	25005.000	-69.945
422	25006.000	-69.950
422	25007.000	-69.955
422	25008.000	-69.959
422	25009.000	-69.963
422	25010.000	-69.967
422	25011.000	-69.970
422	25012.000	-69.973
422	25013.000	-69.975
422	25014.000	-69.978
422	25015.000	-69.980
422	25016.000	-69.982
422	25017.000	-69.983
422	25018.000	-69.985
422	25019.000	-69.986
422	25020.000	-69.988
422	25021.000	-69.989
422	25022.000	-69.990
422	25023.000	-69.991
422	25024.000	-69.992
422	25025.000	-69.993
422	25026.000	-69.993
422	25027.000	-69.994
422	25028.000	-69.995
422	25029.000	-69.995
422	25030.000	-69.996
422	25031.000	-69.996
422	25032.000	-69.996
422	25033.000	-69.997
422	25034.000	-69.997
422	25035.000	-69.997
422	25036.000	-69.998
422	25037.000	-69.998
422	25038.000	-69.998
422	25039.000	-69.998
422	25040.000	-69.998
422	25041.000	-69.999
422	25042.000	-69.967
422	25043.000	-69.899
422	25044.000	-69.835
422	25045.000	-69.786
422	25046.000	-69.756
422	25047.000	-69.742
422	25048.000	-69.740
422	25049.000	-69.745
422	25050.000	-69.757
422	25051.000	-69.771
422	25052.000	-69.787
422	25053.000	-69.803
422	25054.000	-69.819
422	25055.000	-69.835
422	25056.000	-69.849
422	25057.000	-69.863
422	25058.000	-69.875
422	25059.000	-69.887
422	25060.000	-69.898
422	25061.000	-69.907
422	25062.000	-69.916
422	25063.000	-69.924
422	25064.000	-69.931
422	25065.000	-69.938
422	25066.000	-69.944
422	25067.000	-69.949
422	25068.000	-69.954
422	25069.000	-69.958
422	25070.000	-69.962
422	25071.000	-69.966
422	25072.000	-69.969
422	25073.000	-69.972
422	25074.000	-69.975
422	25075.000	-69.977
422	25076.000	-69.979
422	25077.000	-69.981
422	25078.000	-69.983
422	25079.000	-69.985
422	25080.000	-69.986
422	25081.000	-69.987
422	25082.000	-69.989
422	25083.000	-69.990
422	25084.000	-69.991
422	25085.000	-69.992
422	25086.000	-69.992
422	25087.000	-69.993
422	25088.000	-69.994
422	25089.000	-69.994
422	25090.000	-69.995
422	25091.000	-69.995
422	25092.000	-69.996
422	25093.000	-69.996
422	25094.000	-69.997
422	25095.000	-69.997
422	25096.000	-69.997
422	25097.000	-69.997
422	25098.000	-69.998
422	25099.000	-69.998
422	25100.000	-69.998
422	25101.000	-69.998
422	25102.000	-69.998
422	25103.000	-69.983
422	25104.000	-69.920
422	25105.000	-69.853
422	25106.000	-69.799
422	25107.000	-69.764
422	25108.000	-69.745
422	25109.000	-69.739
422	25110.000	-69.743
422	25111.000	-69.753
422	25112.000	-69.766
422	25113.000	-69.782
422	25114.000	-69.798
422	25115.000	-69.814
422	25116.000	-69.830
422	25117.000	-69.845
422	25118.000	-69.859
422	25119.000	-69.872
422	25120.000	-69.884
422	25121.000	-69.895
422	25122.000	-69.904
422	25123.000	-69.913
422	25124.000	-69.922
422	25125.000	-69.929
422	25126.000	-69.936
422	25127.000	-69.942
422	25128.000	-69.947
422	25129.000	-69.952
422	25130.000	-69.957
422	25131.000	-69.961
422	25132.000	-69.965
422	25133.000	-69.968
422	25134.000	-69.971
422	25135.000	-69.974
422	25136.000	-69.976
422	25137.000	-69.979
422	25138.000	-69.981
422	25139.000	-69.982
422	25140.000	-69.984
422	25141.000	-69.986
422	25142.000	-69.987
422	25143.000	-69.988
422	25144.000	-69.989
422	25145.000	-69.990
422	25146.000	-69.991
422	25147.000	-69.992
422	25148.000	-69.993
422	25149.000	-69.994
422	25150.000	-69.994
422	25151.000	-69.995
422	25152.000	-69.995
422	25153.000	-69.996
422	25154.000	-69.996
422	25155.000	-69.996
422	25156.000	-69.997
422	25157.000	-69.997
422	25158.000	-69.997
422	25159.000	-69.998
422	25160.000	-69.998
422	25161.000	-69.998
422	25162.000	-69.998
422	25163.000	-69.998
422	25164.000	-69.994
422	25165.000	-69.941
422	25166.000	-69.872
422	25167.000	-69.813
422	25168.000	-69.772
422	25169.000	-69.749
422	25170.000	-69.740
422	25171.000	-69.741
422	25172.000	-69.749
422	25173.000	-69.762
422	25174.000	-69.777
422	25175.000	-69.793
422	25176.000	-69.810
422	25177.000	-69.825
422	25178.000	-69.841
422	25179.000	-69.855
422	25180.000	-69.868
422	25181.000	-69.880
422	25182.000	-69.891
422	25183.000	-69.902
422	25184.000	-69.911
422	25185.000	-69.919
422	25186.000	-69.927
422	25187.000	-69.934
422	25188.000	-69.940
422	25189.000	-69.946
422	25190.000	-69.951
422	25191.000	-69.956
422	25192.000	-69.960
422	25193.000	-69.964
422	25194.000	-69.967
422	25195.000	-69.970
422	25196.000	-69.973
422	25197.000	-69.976
422	25198.000	-69.978
422	25199.000	-69.980
422	25200.000	-69.982
422	25201.000	-69.984
422	25202.000	-69.985
422	25203.000	-69.987
422	25204.000	-69.988
422	25205.000	-69.989
422	25206.000	-69.990
422	25207.000	-69.991
422	25208.000	-69.992
422	25209.000	-69.993
422	25210.000	-69.993
422	25211.000	-69.994
422	25212.000	-69.995
422	25213.000	-69.995
422	25214.000	-69.996
422	25215.000	-69.996
422	25216.000	-69.996
422	25217.000	-69.997
422	25218.000	-69.997
422	25219.000	-69.997
422	25220.000	-69.998
422	25221.000	-69.998
422	25222.000	-69.998
422	25223.000	-69.998
422	25224.000	-69.998
422	25225.000	-69.999
422	25226.000	-69.961
422	25227.000	-69.892
422	25228.000	-69.829
422	25229.000	-69.783
422	25230.000	-69.754
422	25231.000	-69.741
422	25232.000	-69.740
422	25233.000	-69.746
422	25234.000	-69.758
422	25235.000	-69.772
422	25236.000	-69.788
422	25237.000	-69.805
422	25238.000	-69.821
422	25239.000	-69.836
422	25240.000	-69.851
422	25241.000	-69.864
422	25242.000	-69.877
422	25243.000	-69.888
422	25244.000	-69.899
422	25245.000	-69.908
422	25246.000	-69.917
422	25247.000	-69.925
422	25248.000	-69.932
422	25249.000	-69.938
422	25250.000	-69.944
422	25251.000	-69.949
422	25252.000	-69.954
422	25253.000	-69.959
422	25254.000	-69.963
422	25255.000	-69.966
422	25256.000	-69.969
422	25257.000	-69.972
422	25258.000	-69.975
422	25259.000	-69.977
422	25260.000	-69.979
422	25261.000	-69.981
422	25262.000	-69.983
422	25263.000	-69.985
422	25264.000	-69.986
422	25265.000	-69.988
422	25266.000	-69.989
422	25267.000	-69.990
422	25268.000	-69.991
422	25269.000	-69.992
422	25270.000	-69.992
422	25271.000	-69.993
422	25272.000	-69.994
422	25273.000	-69.994
422	25274.000	-69.995
422	25275.000	-69.995
422	25276.000	-69.996
422	25277.000	-69.996
422	25278.000	-69.997
422	25279.000	-69.997
422	25280.000	-69.997
422	25281.000	-69.997
422	25282.000	-69.998
422	25283.000	-69.998
422	25284.000	-69.998
422	25285.000	-69.998
422	25286.000	-69.998
422	25287.000	-69.978
422	25288.000	-69.913
422	25289.000	-69.847
422	25290.000	-69.795
422	25291.000	-69.761
422	25292.000	-69.744
422	25293.000	-69.739
422	25294.000	-69.744
422	25295.000	-69.754
422	25296.000	-69.768
422	25297.000	-69.783
422	25298.000	-69.800
422	25299.000	-69.816
422	25300.000	-69.832
422	25301.000	-69.846
422	25302.000	-69.860
422	25303.000	-69.873
422	25304.000	-69.885
422	25305.000	-69.896
422	25306.000	-69.905
422	25307.000	-69.914
422	25308.000	-69.922
422	25309.000	-69.930
422	25310.000	-69.936
422	25311.000	-69.942
422	25312.000	-69.948
422	25313.000	-69.953
422	25314.000	-69.957
422	25315.000	-69.961
422	25316.000	-69.965
422	25317.000	-69.968
422	25318.000	-69.971
422	25319.000	-69.974
422	25320.000	-69.977
422	25321.000	-69.979
422	25322.000	-69.981
422	25323.000	-69.983
422	25324.000	-69.984
422	25325.000	-69.986
422	25326.000	-69.987
422	25327.000	-69.988
422	25328.000	-69.989
422	25329.000	-69.990
422	25330.000	-69.991
422	25331.000	-69.992
422	25332.000	-69.993
422	25333.000	-69.994
422	25334.000	-69.994
422	25335.000	-69.995
422	25336.000	-69.995
422	25337.000	-69.996
422	25338.000	-69.996
422	25339.000	-69.996
422	25340.000	-69.997
422	25341.000	-69.997
422	25342.000	-69.997
422	25343.000	-69.998
422	25344.000	-69.998
422	25345.000	-69.998
422	25346.000	-69.998
422	25347.000	-69.998
422	25348.000	-69.991
422	25349.000	-69.934
422	25350.000	-69.865
422	25351.000	-69.808
422	25352.000	-69.769
422	25353.000	-69.747
422	25354.000	-69.740
422	25355.000	-69.742
422	25356.000	-69.750
422	25357.000	-69.763
422	25358.000	-69.779
422	25359.000	-69.795
422	25360.000	-69.811
422	25361.000	-69.827
422	25362.000	-69.842
422	25363.000	-69.856
422	25364.000	-69.869
422	25365.000	-69.881
422	25366.000	-69.892
422	25367.000	-69.902
422	25368.000	-69.912
422	25369.000	-69.920
422	25370.000	-69.928
422	25371.000	-69.934
422	25372.000	-69.941
422	25373.000	-69.946
422	25374.000	-69.951
422	25375.000	-69.956
422	25376.000	-69.960
422	25377.000	-69.964
422	25378.000	-69.967
422	25379.000	-69.971
422	25380.000	-69.973
422	25381.000	-69.976
422	25382.000	-69.978
422	25383.000	-69.980
422	25384.000	-69.982
422	25385.000	-69.984
422	25386.000	-69.985
422	25387.000	-69.987
422	25388.000	-69.988
422	25389.000	-69.989
422	25390.000	-69.990
422	25391.000	-69.991
422	25392.000	-69.992
422	25393.000	-69.993
422	25394.000	-69.993
422	25395.000	-69.994
422	25396.000	-69.995
422	25397.000	-69.995
422	25398.000	-69.996
422	25399.000	-69.996
422	25400.000	-69.996
422	25401.000	-69.997
422	25402.000	-69.997
422	25403.000	-69.997
422	25404.000	-69.998
422	25405.000	-69.998
422	25406.000	-69.998
422	25407.000	-69.998
422	25408.000	-69.998
422	25409.000	-69.998
422	25410.000	-69.954
422	25411.000	-69.886
422	25412.000	-69.824
422	25413.000	-69.779
422	25414.000	-69.752
422	25415.000	-69.741
422	25416.000	-69.740
422	25417.000	-69.747
422	25418.000	-69.759
422	25419.000	-69.774
422	25420.000	-69.790
422	25421.000	-69.806
422	25422.000	-69.822
422	25423.000	-69.838
422	25424.000	-69.852
422	25425.000	-69.865
422	25426.000	-69.878
422	25427.000	-69.889
422	25428.000	-69.900
422	25429.000	-69.909
422	25430.000	-69.918
422	25431.000	-69.925
422	25432.000	-69.932
422	25433.000	-69.939
422	25434.000	-69.945
422	25435.000	-69.950
422	25436.000	-69.955
422	25437.000	-69.959
422	25438.000	-69.963
422	25439.000	-69.966
422	25440.000	-69.970
422	25441.000	-69.973
422	25442.000	-69.975
422	25443.000	-69.977
422	25444.000	-69.980
422	25445.000	-69.982
422	25446.000	-69.983
422	25447.000	-69.985
422	25448.000	-69.986
422	25449.000	-69.988
422	25450.000	-69.989
422	25451.000	-69.990
422	25452.000	-69.991
422	25453.000	-69.992
422	25454.000	-69.993
422	25455.000	-69.993
422	25456.000	-69.994
422	25457.000	-69.994
422	25458.000	-69.995
422	25459.000	-69.995
422	25460.000	-69.996
422	25461.000	-69.996
422	25462.000	-69.997
422	25463.000	-69.997
422	25464.000	-69.997
422	25465.000	-69.998
422	25466.000	-69.998
422	25467.000	-69.998
422	25468.000	-69.998
422	25469.000	-69.998
422	25470.000	-69.998
422	25471.000	-69.973
422	25472.000	-69.906
422	25473.000	-69.841
422	25474.000	-69.790
422	25475.000	-69.759
422	25476.000	-69.743
422	25477.000	-69.739
422	25478.000	-69.744
422	25479.000	-69.755
422	25480.000	-69.769
422	25481.000	-69.785
422	25482.000	-69.801
422	25483.000	-69.818
422	25484.000	-69.833
422	25485.000	-69.848
422	25486.000	-69.862
422	25487.000	-69.874
422	25488.000	-69.886
422	25489.000	-69.897
422	25490.000	-69.906
422	25491.000	-69.915
422	25492.000	-69.923
422	25493.000	-69.930
422	25494.000	-69.937
422	25495.000	-69.943
422	25496.000	-69.948
422	25497.000	-69.953
422	25498.000	-69.958
422	25499.000	-69.962
422	25500.000	-69.965
422	25501.000	-69.969
422	25502.000	-69.972
422	25503.000	-69.974
422	25504.000	-69.977
422	25505.000	-69.979
422	25506.000	-69.981
422	25507.000	-69.983
422	25508.000	-69.984
422	25509.000	-69.986
422	25510.000	-69.987
422	25511.000	-69.988
422	25512.000	-69.990
422	25513.000	-69.991
422	25514.000	-69.991
422	25515.000	-69.992
422	25516.000	-69.993
422	25517.000	-69.994
422	25518.000	-69.994
422	25519.000	-69.995
422	25520.000	-69.995
422	25521.000	-69.996
422	25522.000	-69.996
422	25523.000	-69.997
422	25524.000	-69.997
422	25525.000	-69.997
422	25526.000	-69.997
422	25527.000	-69.998
422	25528.000	-69.998
422	25529.000	-69.998
422	25530.000	-69.998
422	25531.000	-69.998
422	25532.000	-69.987
422	25533.000	-69.927
422	25534.000	-69.859
422	25535.000	-69.803
422	25536.000	-69.766
422	25537.000	-69.746
422	25538.000	-69.739
422	25539.000	-69.742
422	25540.000	-69.752
422	25541.000	-69.765
422	25542.000	-69.780
422	25543.000	-69.796
422	25544.000	-69.813
422	25545.000	-69.829
422	25546.000	-69.844
422	25547.000	-69.858
422	25548.000	-69.871
422	25549.000	-69.883
422	25550.000	-69.893
422	25551.000	-69.903
422	25552.000	-69.913
422	25553.000	-69.921
422	25554.000	-69.928
422	25555.000	-69.935
422	25556.000	-69.941
422	25557.000	-69.947
422	25558.000	-69.952
422	25559.000	-69.956
422	25560.000	-69.961
422	25561.000	-69.964
422	25562.000	-69.968
422	25563.000	-69.971
422	25564.000	-69.974
422	25565.000	-69.976
422	25566.000	-69.978
422	25567.000	-69.980
422	25568.000	-69.982
422	25569.000	-69.984
422	25570.000	-69.986
422	25571.000	-69.987
422	25572.000	-69.988
422	25573.000	-69.989
422	25574.000	-69.990
422	25575.000	-69.991
422	25576.000	-69.992
422	25577.000	-69.993
422	25578.000	-69.993
422	25579.000	-69.994
422	25580.000	-69.995
422	25581.000	-69.995
422	25582.000	-69.996
422	25583.000	-69.996
422	25584.000	-69.996
422	25585.000	-69.997
422	25586.000	-69.997
422	25587.000	-69.997
422	25588.000	-69.998
422	25589.000	-69.998
422	25590.000	-69.998
422	25591.000	-69.998
422	25592.000	-69.998
422	25593.000	-69.997
422	25594.000	-69.948
422	25595.000	-69.879
422	25596.000	-69.818
422	25597.000	-69.776
422	25598.000	-69.751
422	25599.000	-69.740
422	25600.000	-69.741
422	25601.000	-69.748
422	25602.000	-69.761
422	25603.000	-69.775
422	25604.000	-69.792
422	25605.000	-69.808
422	25606.000	-69.824
422	25607.000	-69.839
422	25608.000	-69.853
422	25609.000	-69.867
422	25610.000	-69.879
422	25611.000	-69.890
422	25612.000	-69.901
422	25613.000	-69.910
422	25614.000	-69.918
422	25615.000	-69.926
422	25616.000	-69.933
422	25617.000	-69.939
422	25618.000	-69.945
422	25619.000	-69.950
422	25620.000	-69.955
422	25621.000	-69.959
422	25622.000	-69.963
422	25623.000	-69.967
422	25624.000	-69.970
422	25625.000	-69.973
422	25626.000	-69.975
422	25627.000	-69.978
422	25628.000	-69.980
422	25629.000	-69.982
422	25630.000	-69.983
422	25631.000	-69.985
422	25632.000	-69.986
422	25633.000	-69.988
422	25634.000	-69.989
422	25635.000	-69.990
422	25636.000	-69.991
422	25637.000	-69.992
422	25638.000	-69.993
422	25639.000	-69.993
422	25640.000	-69.994
422	25641.000	-69.995
422	25642.000	-69.995
422	25643.000	-69.996
422	25644.000	-69.996
422	25645.000	-69.996
422	25646.000	-69.997
422	25647.000	-69.997
422	25648.000	-69.997
422	25649.000	-69.998
422	25650.000	-69.998
422	25651.000	-69.998
422	25652.000	-69.998
422	25653.000	-69.998
422	25654.000	-69.999
422	25655.000	-69.967
422	25656.000	-69.899
422	25657.000	-69.835
422	25658.000	-69.786
422	25659.000	-69.756
422	25660.000	-69.742
422	25661.000	-69.740
422	25662.000	-69.745
422	25663.000	-69.757
422	25664.000	-69.771
422	25665.000	-69.787
422	25666.000	-69.803
422	25667.000	-69.819
422	25668.000	-69.835
422	25669.000	-69.849
422	25670.000	-69.863
422	25671.000	-69.875
422	25672.000	-69.887
422	25673.000	-69.898
422	25674.000	-69.907
422	25675.000	-69.916
422	25676.000	-69.924
422	25677.000	-69.931
422	25678.000	-69.938
422	25679.000	-69.944
422	25680.000	-69.949
422	25681.000	-69.954
422	25682.000	-69.958
422	25683.000	-69.962
422	25684.000	-69.966
422	25685.000	-69.969
422	25686.000	-69.972
422	25687.000	-69.975
422	25688.000	-69.977
422	25689.000	-69.979
422	25690.000	-69.981
422	25691.000	-69.983
422	25692.000	-69.985
422	25693.000	-69.986
422	25694.000	-69.987
422	25695.000	-69.989
422	25696.000	-69.990
422	25697.000	-69.991
422	25698.000	-69.992
422	25699.000	-69.992
422	25700.000	-69.993
422	25701.000	-69.994
422	25702.000	-69.994
422	25703.000	-69.995
422	25704.000	-69.995
422	25705.000	-69.996
422	25706.000	-69.996
422	25707.000	-69.997
422	25708.000	-69.997
422	25709.000	-69.997
422	25710.000	-69.997
422	25711.000	-69.998
422	25712.000	-69.998
422	25713.000	-69.998
422	25714.000	-69.998
422	25715.000	-69.998
422	25716.000	-69.983
422	25717.000	-69.920
422	25718.000	-69.853
422	25719.000	-69.799
422	25720.000	-69.764
422	25721.000	-69.745
422	25722.000	-69.739
422	25723.000	-69.743
422	25724.000	-69.753
422	25725.000	-69.766
422	25726.000	-69.782
422	25727.000	-69.798
422	25728.000	-69.814
422	25729.000	-69.830
422	25730.000	-69.845
422	25731.000	-69.859
422	25732.000	-69.872
422	25733.000	-69.884
422	25734.000	-69.895
422	25735.000	-69.904
422	25736.000	-69.913
422	25737.000	-69.922
422	25738.000	-69.929
422	25739.000	-69.936
422	25740.000	-69.942
422	25741.000	-69.947
422	25742.000	-69.952
422	25743.000	-69.957
422	25744.000	-69.961
422	25745.000	-69.965
422	25746.000	-69.968
422	25747.000	-69.971
422	25748.000	-69.974
422	25749.000	-69.976
422	25750.000	-69.979
422	25751.000	-69.981
422	25752.000	-69.982
422	25753.000	-69.984
422	25754.000	-69.986
422	25755.000	-69.987
422	25756.000	-69.988
422	25757.000	-69.989
422	25758.000	-69.990
422	25759.000	-69.991
422	25760.000	-69.992
422	25761.000	-69.993
422	25762.000	-69.994
422	25763.000	-69.994
422	25764.000	-69.995
422	25765.000	-69.995
422	25766.000	-69.996
422	25767.000	-69.996
422	25768.000	-69.996
422	25769.000	-69.997
422	25770.000	-69.997
422	25771.000	-69.997
422	25772.000	-69.998
422	25773.000	-69.998
422	25774.000	-69.998
422	25775.000	-69.998
422	25776.000	-69.998
422	25777.000	-69.994
422	25778.000	-69.941
422	25779.000	-69.872
422	25780.000	-69.813
422	25781.000	-69.772
422	25782.000	-69.749
422	25783.000	-69.740
422	25784.000	-69.741
422	25785.000	-69.749
422	25786.000	-69.762
422	25787.000	-69.777
422	25788.000	-69.793
422	25789.000	-69.810
422	25790.000	-69.825
422	25791.000	-69.841
422	25792.000	-69.855
422	25793.000	-69.868
422	25794.000	-69.880
422	25795.000	-69.891
422	25796.000	-69.902
422	25797.000	-69.911
422	25798.000	-69.919
422	25799.000	-69.927
422	25800.000	-69.934
422	25801.000	-69.940
422	25802.000	-69.946
422	25803.000	-69.951
422	25804.000	-69.956
422	25805.000	-69.960
422	25806.000	-69.964
422	25807.000	-69.967
422	25808.000	-69.970
422	25809.000	-69.973
422	25810.000	-69.976
422	25811.000	-69.978
422	25812.000	-69.980
422	25813.000	-69.982
422	25814.000	-69.984
422	25815.000	-69.985
422	25816.000	-69.987
422	25817.000	-69.988
422	25818.000	-69.989
422	25819.000	-69.990
422	25820.000	-69.991
422	25821.000	-69.992
422	25822.000	-69.993
422	25823.000	-69.993
422	25824.000	-69.994
422	25825.000	-69.995
422	25826.000	-69.995
422	25827.000	-69.996
422	25828.000	-69.996
422	25829.000	-69.996
422	25830.000	-69.997
422	25831.000	-69.997
422	25832.000	-69.997
422	25833.000	-69.998
422	25834.000	-69.998
422	25835.000	-69.998
422	25836.000	-69.998
422	25837.000	-69.998
422	25838.000	-69.999
422	25839.000	-69.961
422	25840.000	-69.892
422	25841.000	-69.829
422	25842.000	-69.783
422	25843.000	-69.754
422	25844.000	-69.741
422	25845.000	-69.740
422	25846.000	-69.746
422	25847.000	-69.758
422	25848.000	-69.772
422	25849.000	-69.788
422	25850.000	-69.805
422	25851.000	-69.821
422	25852.000	-69.836
422	25853.000	-69.851
422	25854.000	-69.864
422	25855.000	-69.877
422	25856.000	-69.888
422	25857.000	-69.899
422	25858.000	-69.908
422	25859.000	-69.917
422	25860.000	-69.925
422	25861.000	-69.932
422	25862.000	-69.938
422	25863.000	-69.944
422	25864.000	-69.949
422	25865.000	-69.954
422	25866.000	-69.959
422	25867.000	-69.963
422	25868.000	-69.966
422	25869.000	-69.969
422	25870.000	-69.972
422	25871.000	-69.975
422	25872.000	-69.977
422	25873.000	-69.979
422	25874.000	-69.981
422	25875.000	-69.983
422	25876.000	-69.985
422	25877.000	-69.986
422	25878.000	-69.988
422	25879.000	-69.989
422	25880.000	-69.990
422	25881.000	-69.991
422	25882.000	-69.992
422	25883.000	-69.992
422	25884.000	-69.993
422	25885.000	-69.994
422	25886.000	-69.994
422	25887.000	-69.995
422	25888.000	-69.995
422	25889.000	-69.996
422	25890.000	-69.996
422	25891.000	-69.997
422	25892.000	-69.997
422	25893.000	-69.997
422	25894.000	-69.997
422	25895.000	-69.998
422	25896.000	-69.998
422	25897.000	-69.998
422	25898.000	-69.998
422	25899.000	-69.998
422	25900.000	-69.978
422	25901.000	-69.913
422	25902.000	-69.847
422	25903.000	-69.795
422	25904.000	-69.761
422	25905.000	-69.744
422	25906.000	-69.739
422	25907.000	-69.744
422	25908.000	-69.754
422	25909.000	-69.768
422	25910.000	-69.783
422	25911.000	-69.800
422	25912.000	-69.816
422	25913.000	-69.832
422	25914.000	-69.846
422	25915.000	-69.860
422	25916.000	-69.873
422	25917.000	-69.885
422	25918.000	-69.896
422	25919.000	-69.905
422	25920.000	-69.914
422	25921.000	-69.922
422	25922.000	-69.930
422	25923.000	-69.936
422	25924.000	-69.942
422	25925.000	-69.948
422	25926.000	-69.953
422	25927.000	-69.957
422	25928.000	-69.961
422	25929.000	-69.965
422	25930.000	-69.968
422	25931.000	-69.971
422	25932.000	-69.974
422	25933.000	-69.977
422	25934.000	-69.979
422	25935.000	-69.981
422	25936.000	-69.983
422	25937.000	-69.984
422	25938.000	-69.986
422	25939.000	-69.987
422	25940.000	-69.988
422	25941.000	-69.989
422	25942.000	-69.990
422	25943.000	-69.991
422	25944.000	-69.992
422	25945.000	-69.993
422	25946.000	-69.994
422	25947.000	-69.994
422	25948.000	-69.995
422	25949.000	-69.995
422	25950.000	-69.996
422	25951.000	-69.996
422	25952.000	-69.996
422	25953.000	-69.997
422	25954.000	-69.997
422	25955.000	-69.997
422	25956.000	-69.998
422	25957.000	-69.998
422	25958.000	-69.998
422	25959.000	-69.998
422	25960.000	-69.998
422	25961.000	-69.991
422	25962.000	-69.934
422	25963.000	-69.865
422	25964.000	-69.808
422	25965.000	-69.769
422	25966.000	-69.747
422	25967.000	-69.740
422	25968.000	-69.742
422	25969.000	-69.750
422	25970.000	-69.763
422	25971.000	-69.779
422	25972.000	-69.795
422	25973.000	-69.811
422	25974.000	-69.827
422	25975.000	-69.842
422	25976.000	-69.856
422	25977.000	-69.869
422	25978.000	-69.881
422	25979.000	-69.892
422	25980.000	-69.902
422	25981.000	-69.912
422	25982.000	-69.920
422	25983.000	-69.928
422	25984.000	-69.934
422	25985.000	-69.941
422	25986.000	-69.946
422	25987.000	-69.951
422	25988.000	-69.956
422	25989.000	-69.960
422	25990.000	-69.964
422	25991.000	-69.967
422	25992.000	-69.971
422	25993.000	-69.973
422	25994.000	-69.976
422	25995.000	-69.978
422	25996.000	-69.980
422	25997.000	-69.982
422	25998.000	-69.984
422	25999.000	-69.985
