# NEST version: 3.8.0
# RecordingBackendASCII version: 2
sender	time_ms	V_m
424	24001.000	-70.000
424	24002.000	-70.000
424	24003.000	-70.000
424	24004.000	-70.000
424	24005.000	-70.000
424	24006.000	-70.000
424	24007.000	-70.000
424	24008.000	-70.000
424	24009.000	-70.000
424	24010.000	-70.000
424	24011.000	-70.000
424	24012.000	-70.000
424	24013.000	-70.000
424	24014.000	-70.000
424	24015.000	-70.000
424	24016.000	-70.000
424	24017.000	-70.000
424	24018.000	-70.000
424	24019.000	-70.000
424	24020.000	-70.000
424	24021.000	-70.000
424	24022.000	-70.000
424	24023.000	-70.000
424	24024.000	-70.000
424	24025.000	-70.000
424	24026.000	-70.000
424	24027.000	-70.000
424	24028.000	-70.000
424	24029.000	-70.000
424	24030.000	-70.000
424	24031.000	-70.000
424	24032.000	-70.000
424	24033.000	-70.000
424	24034.000	-70.000
424	24035.000	-70.000
424	24036.000	-70.000
424	24037.000	-70.000
424	24038.000	-70.000
424	24039.000	-70.000
424	24040.000	-70.000
424	24041.000	-70.000
424	24042.000	-70.000
424	24043.000	-70.000
424	24044.000	-70.000
424	24045.000	-70.000
424	24046.000	-70.000
424	24047.000	-70.000
424	24048.000	-70.000
424	24049.000	-70.000
424	24050.000	-70.000
424	24051.000	-70.000
424	24052.000	-70.000
424	24053.000	-70.000
424	24054.000	-70.000
424	24055.000	-70.000
424	24056.000	-70.000
424	24057.000	-70.000
424	24058.000	-70.000
424	24059.000	-70.000
424	24060.000	-70.000
424	24061.000	-69.979
424	24062.000	-69.915
424	24063.000	-69.848
424	24064.000	-69.796
424	24065.000	-69.762
424	24066.000	-69.745
424	24067.000	-69.740
424	24068.000	-69.744
424	24069.000	-69.755
424	24070.000	-69.768
424	24071.000	-69.784
424	24072.000	-69.800
424	24073.000	-69.816
424	24074.000	-69.832
424	24075.000	-69.847
424	24076.000	-69.861
424	24077.000	-69.873
424	24078.000	-69.885
424	24079.000	-69.896
424	24080.000	-69.906
424	24081.000	-69.914
424	24082.000	-69.923
424	24083.000	-69.930
424	24084.000	-69.937
424	24085.000	-69.943
424	24086.000	-69.948
424	24087.000	-69.953
424	24088.000	-69.957
424	24089.000	-69.961
424	24090.000	-69.965
424	24091.000	-69.968
424	24092.000	-69.971
424	24093.000	-69.974
424	24094.000	-69.977
424	24095.000	-69.979
424	24096.000	-69.981
424	24097.000	-69.983
424	24098.000	-69.984
424	24099.000	-69.986
424	24100.000	-69.987
424	24101.000	-69.988
424	24102.000	-69.989
424	24103.000	-69.990
424	24104.000	-69.991
424	24105.000	-69.992
424	24106.000	-69.993
424	24107.000	-69.994
424	24108.000	-69.994
424	24109.000	-69.995
424	24110.000	-69.995
424	24111.000	-69.996
424	24112.000	-69.996
424	24113.000	-69.997
424	24114.000	-69.997
424	24115.000	-69.997
424	24116.000	-69.997
424	24117.000	-69.998
424	24118.000	-69.998
424	24119.000	-69.998
424	24120.000	-69.998
424	24121.000	-69.998
424	24122.000	-69.991
424	24123.000	-69.934
424	24124.000	-69.865
424	24125.000	-69.808
424	24126.000	-69.769
424	24127.000	-69.747
424	24128.000	-69.740
424	24129.000	-69.742
424	24130.000	-69.750
424	24131.000	-69.763
424	24132.000	-69.779
424	24133.000	-69.795
424	24134.000	-69.811
424	24135.000	-69.827
424	24136.000	-69.842
424	24137.000	-69.856
424	24138.000	-69.869
424	24139.000	-69.881
424	24140.000	-69.892
424	24141.000	-69.902
424	24142.000	-69.912
424	24143.000	-69.920
424	24144.000	-69.928
424	24145.000	-69.934
424	24146.000	-69.941
424	24147.000	-69.946
424	24148.000	-69.951
424	24149.000	-69.956
424	24150.000	-69.960
424	24151.000	-69.964
424	24152.000	-69.967
424	24153.000	-69.971
424	24154.000	-69.973
424	24155.000	-69.976
424	24156.000	-69.978
424	24157.000	-69.980
424	24158.000	-69.982
424	24159.000	-69.984
424	24160.000	-69.985
424	24161.000	-69.987
424	24162.000	-69.988
424	24163.000	-69.989
424	24164.000	-69.990
424	24165.000	-69.991
424	24166.000	-69.992
424	24167.000	-69.993
424	24168.000	-69.993
424	24169.000	-69.994
424	24170.000	-69.995
424	24171.000	-69.995
424	24172.000	-69.996
424	24173.000	-69.996
424	24174.000	-69.996
424	24175.000	-69.997
424	24176.000	-69.997
424	24177.000	-69.997
424	24178.000	-69.998
424	24179.000	-69.998
424	24180.000	-69.998
424	24181.000	-69.998
424	24182.000	-69.998
424	24183.000	-69.998
424	24184.000	-69.954
424	24185.000	-69.886
424	24186.000	-69.824
424	24187.000	-69.779
424	24188.000	-69.752
424	24189.000	-69.741
424	24190.000	-69.740
424	24191.000	-69.747
424	24192.000	-69.759
424	24193.000	-69.774
424	24194.000	-69.790
424	24195.000	-69.806
424	24196.000	-69.822
424	24197.000	-69.838
424	24198.000	-69.852
424	24199.000	-69.865
424	24200.000	-69.878
424	24201.000	-69.889
424	24202.000	-69.900
424	24203.000	-69.909
424	24204.000	-69.918
424	24205.000	-69.925
424	24206.000	-69.932
424	24207.000	-69.939
424	24208.000	-69.945
424	24209.000	-69.950
424	24210.000	-69.955
424	24211.000	-69.959
424	24212.000	-69.963
424	24213.000	-69.966
424	24214.000	-69.970
424	24215.000	-69.973
424	24216.000	-69.975
424	24217.000	-69.977
424	24218.000	-69.980
424	24219.000	-69.982
424	24220.000	-69.983
424	24221.000	-69.985
424	24222.000	-69.986
424	24223.000	-69.988
424	24224.000	-69.989
424	24225.000	-69.990
424	24226.000	-69.991
424	24227.000	-69.992
424	24228.000	-69.993
424	24229.000	-69.993
424	24230.000	-69.994
424	24231.000	-69.994
424	24232.000	-69.995
424	24233.000	-69.995
424	24234.000	-69.996
424	24235.000	-69.996
424	24236.000	-69.997
424	24237.000	-69.997
424	24238.000	-69.997
424	24239.000	-69.998
424	24240.000	-69.998
424	24241.000	-69.998
424	24242.000	-69.998
424	24243.000	-69.998
424	24244.000	-69.998
424	24245.000	-69.973
424	24246.000	-69.906
424	24247.000	-69.841
424	24248.000	-69.790
424	24249.000	-69.759
424	24250.000	-69.743
424	24251.000	-69.739
424	24252.000	-69.744
424	24253.000	-69.755
424	24254.000	-69.769
424	24255.000	-69.785
424	24256.000	-69.801
424	24257.000	-69.818
424	24258.000	-69.833
424	24259.000	-69.848
424	24260.000	-69.862
424	24261.000	-69.874
424	24262.000	-69.886
424	24263.000	-69.897
424	24264.000	-69.906
424	24265.000	-69.915
424	24266.000	-69.923
424	24267.000	-69.930
424	24268.000	-69.937
424	24269.000	-69.943
424	24270.000	-69.948
424	24271.000	-69.953
424	24272.000	-69.958
424	24273.000	-69.962
424	24274.000	-69.965
424	24275.000	-69.969
424	24276.000	-69.972
424	24277.000	-69.974
424	24278.000	-69.977
424	24279.000	-69.979
424	24280.000	-69.981
424	24281.000	-69.983
424	24282.000	-69.984
424	24283.000	-69.986
424	24284.000	-69.987
424	24285.000	-69.988
424	24286.000	-69.990
424	24287.000	-69.991
424	24288.000	-69.991
424	24289.000	-69.992
424	24290.000	-69.993
424	24291.000	-69.994
424	24292.000	-69.994
424	24293.000	-69.995
424	24294.000	-69.995
424	24295.000	-69.996
424	24296.000	-69.996
424	24297.000	-69.997
424	24298.000	-69.997
424	24299.000	-69.997
424	24300.000	-69.997
424	24301.000	-69.998
424	24302.000	-69.998
424	24303.000	-69.998
424	24304.000	-69.998
424	24305.000	-69.998
424	24306.000	-69.987
424	24307.000	-69.927
424	24308.000	-69.859
424	24309.000	-69.803
424	24310.000	-69.766
424	24311.000	-69.746
424	24312.000	-69.739
424	24313.000	-69.742
424	24314.000	-69.752
424	24315.000	-69.765
424	24316.000	-69.780
424	24317.000	-69.796
424	24318.000	-69.813
424	24319.000	-69.829
424	24320.000	-69.844
424	24321.000	-69.858
424	24322.000	-69.871
424	24323.000	-69.883
424	24324.000	-69.893
424	24325.000	-69.903
424	24326.000	-69.913
424	24327.000	-69.921
424	24328.000	-69.928
424	24329.000	-69.935
424	24330.000	-69.941
424	24331.000	-69.947
424	24332.000	-69.952
424	24333.000	-69.956
424	24334.000	-69.961
424	24335.000	-69.964
424	24336.000	-69.968
424	24337.000	-69.971
424	24338.000	-69.974
424	24339.000	-69.976
424	24340.000	-69.978
424	24341.000	-69.980
424	24342.000	-69.982
424	24343.000	-69.984
424	24344.000	-69.986
424	24345.000	-69.987
424	24346.000	-69.988
424	24347.000	-69.989
424	24348.000	-69.990
424	24349.000	-69.991
424	24350.000	-69.992
424	24351.000	-69.993
424	24352.000	-69.993
424	24353.000	-69.994
424	24354.000	-69.995
424	24355.000	-69.995
424	24356.000	-69.996
424	24357.000	-69.996
424	24358.000	-69.996
424	24359.000	-69.997
424	24360.000	-69.997
424	24361.000	-69.997
424	24362.000	-69.998
424	24363.000	-69.998
424	24364.000	-69.998
424	24365.000	-69.998
424	24366.000	-69.998
424	24367.000	-69.997
424	24368.000	-69.948
424	24369.000	-69.879
424	24370.000	-69.818
424	24371.000	-69.776
424	24372.000	-69.751
424	24373.000	-69.740
424	24374.000	-69.741
424	24375.000	-69.748
424	24376.000	-69.761
424	24377.000	-69.775
424	24378.000	-69.792
424	24379.000	-69.808
424	24380.000	-69.824
424	24381.000	-69.839
424	24382.000	-69.853
424	24383.000	-69.867
424	24384.000	-69.879
424	24385.000	-69.890
424	24386.000	-69.901
424	24387.000	-69.910
424	24388.000	-69.918
424	24389.000	-69.926
424	24390.000	-69.933
424	24391.000	-69.939
424	24392.000	-69.945
424	24393.000	-69.950
424	24394.000	-69.955
424	24395.000	-69.959
424	24396.000	-69.963
424	24397.000	-69.967
424	24398.000	-69.970
424	24399.000	-69.973
424	24400.000	-69.975
424	24401.000	-69.978
424	24402.000	-69.980
424	24403.000	-69.982
424	24404.000	-69.983
424	24405.000	-69.985
424	24406.000	-69.986
424	24407.000	-69.988
424	24408.000	-69.989
424	24409.000	-69.990
424	24410.000	-69.991
424	24411.000	-69.992
424	24412.000	-69.993
424	24413.000	-69.993
424	24414.000	-69.994
424	24415.000	-69.995
424	24416.000	-69.995
424	24417.000	-69.996
424	24418.000	-69.996
424	24419.000	-69.996
424	24420.000	-69.997
424	24421.000	-69.997
424	24422.000	-69.997
424	24423.000	-69.998
424	24424.000	-69.998
424	24425.000	-69.998
424	24426.000	-69.998
424	24427.000	-69.998
424	24428.000	-69.999
424	24429.000	-69.967
424	24430.000	-69.899
424	24431.000	-69.835
424	24432.000	-69.786
424	24433.000	-69.756
424	24434.000	-69.742
424	24435.000	-69.740
424	24436.000	-69.745
424	24437.000	-69.757
424	24438.000	-69.771
424	24439.000	-69.787
424	24440.000	-69.803
424	24441.000	-69.819
424	24442.000	-69.835
424	24443.000	-69.849
424	24444.000	-69.863
424	24445.000	-69.875
424	24446.000	-69.887
424	24447.000	-69.898
424	24448.000	-69.907
424	24449.000	-69.916
424	24450.000	-69.924
424	24451.000	-69.931
424	24452.000	-69.938
424	24453.000	-69.944
424	24454.000	-69.949
424	24455.000	-69.954
424	24456.000	-69.958
424	24457.000	-69.962
424	24458.000	-69.966
424	24459.000	-69.969
424	24460.000	-69.972
424	24461.000	-69.975
424	24462.000	-69.977
424	24463.000	-69.979
424	24464.000	-69.981
424	24465.000	-69.983
424	24466.000	-69.985
424	24467.000	-69.986
424	24468.000	-69.987
424	24469.000	-69.989
424	24470.000	-69.990
424	24471.000	-69.991
424	24472.000	-69.992
424	24473.000	-69.992
424	24474.000	-69.993
424	24475.000	-69.994
424	24476.000	-69.994
424	24477.000	-69.995
424	24478.000	-69.995
424	24479.000	-69.996
424	24480.000	-69.996
424	24481.000	-69.997
424	24482.000	-69.997
424	24483.000	-69.997
424	24484.000	-69.997
424	24485.000	-69.998
424	24486.000	-69.998
424	24487.000	-69.998
424	24488.000	-69.998
424	24489.000	-69.998
424	24490.000	-69.983
424	24491.000	-69.920
424	24492.000	-69.853
424	24493.000	-69.799
424	24494.000	-69.764
424	24495.000	-69.745
424	24496.000	-69.739
424	24497.000	-69.743
424	24498.000	-69.753
424	24499.000	-69.766
424	24500.000	-69.782
424	24501.000	-69.798
424	24502.000	-69.814
424	24503.000	-69.830
424	24504.000	-69.845
424	24505.000	-69.859
424	24506.000	-69.872
424	24507.000	-69.884
424	24508.000	-69.895
424	24509.000	-69.904
424	24510.000	-69.913
424	24511.000	-69.922
424	24512.000	-69.929
424	24513.000	-69.936
424	24514.000	-69.942
424	24515.000	-69.947
424	24516.000	-69.952
424	24517.000	-69.957
424	24518.000	-69.961
424	24519.000	-69.965
424	24520.000	-69.968
424	24521.000	-69.971
424	24522.000	-69.974
424	24523.000	-69.976
424	24524.000	-69.979
424	24525.000	-69.981
424	24526.000	-69.982
424	24527.000	-69.984
424	24528.000	-69.986
424	24529.000	-69.987
424	24530.000	-69.988
424	24531.000	-69.989
424	24532.000	-69.990
424	24533.000	-69.991
424	24534.000	-69.992
424	24535.000	-69.993
424	24536.000	-69.994
424	24537.000	-69.994
424	24538.000	-69.995
424	24539.000	-69.995
424	24540.000	-69.996
424	24541.000	-69.996
424	24542.000	-69.996
424	24543.000	-69.997
424	24544.000	-69.997
424	24545.000	-69.997
424	24546.000	-69.998
424	24547.000	-69.998
424	24548.000	-69.998
424	24549.000	-69.998
424	24550.000	-69.998
424	24551.000	-69.994
424	24552.000	-69.941
424	24553.000	-69.872
424	24554.000	-69.813
424	24555.000	-69.772
424	24556.000	-69.749
424	24557.000	-69.740
424	24558.000	-69.741
424	24559.000	-69.749
424	24560.000	-69.762
424	24561.000	-69.777
424	24562.000	-69.793
424	24563.000	-69.810
424	24564.000	-69.825
424	24565.000	-69.841
424	24566.000	-69.855
424	24567.000	-69.868
424	24568.000	-69.880
424	24569.000	-69.891
424	24570.000	-69.902
424	24571.000	-69.911
424	24572.000	-69.919
424	24573.000	-69.927
424	24574.000	-69.934
424	24575.000	-69.940
424	24576.000	-69.946
424	24577.000	-69.951
424	24578.000	-69.956
424	24579.000	-69.960
424	24580.000	-69.964
424	24581.000	-69.967
424	24582.000	-69.970
424	24583.000	-69.973
424	24584.000	-69.976
424	24585.000	-69.978
424	24586.000	-69.980
424	24587.000	-69.982
424	24588.000	-69.984
424	24589.000	-69.985
424	24590.000	-69.987
424	24591.000	-69.988
424	24592.000	-69.989
424	24593.000	-69.990
424	24594.000	-69.991
424	24595.000	-69.992
424	24596.000	-69.993
424	24597.000	-69.993
424	24598.000	-69.994
424	24599.000	-69.995
424	24600.000	-69.995
424	24601.000	-69.996
424	24602.000	-69.996
424	24603.000	-69.996
424	24604.000	-69.997
424	24605.000	-69.997
424	24606.000	-69.997
424	24607.000	-69.998
424	24608.000	-69.998
424	24609.000	-69.998
424	24610.000	-69.998
424	24611.000	-69.998
424	24612.000	-69.999
424	24613.000	-69.961
424	24614.000	-69.892
424	24615.000	-69.829
424	24616.000	-69.783
424	24617.000	-69.754
424	24618.000	-69.741
424	24619.000	-69.740
424	24620.000	-69.746
424	24621.000	-69.758
424	24622.000	-69.772
424	24623.000	-69.788
424	24624.000	-69.805
424	24625.000	-69.821
424	24626.000	-69.836
424	24627.000	-69.851
424	24628.000	-69.864
424	24629.000	-69.877
424	24630.000	-69.888
424	24631.000	-69.899
424	24632.000	-69.908
424	24633.000	-69.917
424	24634.000	-69.925
424	24635.000	-69.932
424	24636.000	-69.938
424	24637.000	-69.944
424	24638.000	-69.949
424	24639.000	-69.954
424	24640.000	-69.959
424	24641.000	-69.963
424	24642.000	-69.966
424	24643.000	-69.969
424	24644.000	-69.972
424	24645.000	-69.975
424	24646.000	-69.977
424	24647.000	-69.979
424	24648.000	-69.981
424	24649.000	-69.983
424	24650.000	-69.985
424	24651.000	-69.986
424	24652.000	-69.988
424	24653.000	-69.989
424	24654.000	-69.990
424	24655.000	-69.991
424	24656.000	-69.992
424	24657.000	-69.992
424	24658.000	-69.993
424	24659.000	-69.994
424	24660.000	-69.994
424	24661.000	-69.995
424	24662.000	-69.995
424	24663.000	-69.996
424	24664.000	-69.996
424	24665.000	-69.997
424	24666.000	-69.997
424	24667.000	-69.997
424	24668.000	-69.997
424	24669.000	-69.998
424	24670.000	-69.998
424	24671.000	-69.998
424	24672.000	-69.998
424	24673.000	-69.998
424	24674.000	-69.978
424	24675.000	-69.913
424	24676.000	-69.847
424	24677.000	-69.795
424	24678.000	-69.761
424	24679.000	-69.744
424	24680.000	-69.739
424	24681.000	-69.744
424	24682.000	-69.754
424	24683.000	-69.768
424	24684.000	-69.783
424	24685.000	-69.800
424	24686.000	-69.816
424	24687.000	-69.832
424	24688.000	-69.846
424	24689.000	-69.860
424	24690.000	-69.873
424	24691.000	-69.885
424	24692.000	-69.896
424	24693.000	-69.905
424	24694.000	-69.914
424	24695.000	-69.922
424	24696.000	-69.930
424	24697.000	-69.936
424	24698.000	-69.942
424	24699.000	-69.948
424	24700.000	-69.953
424	24701.000	-69.957
424	24702.000	-69.961
424	24703.000	-69.965
424	24704.000	-69.968
424	24705.000	-69.971
424	24706.000	-69.974
424	24707.000	-69.977
424	24708.000	-69.979
424	24709.000	-69.981
424	24710.000	-69.983
424	24711.000	-69.984
424	24712.000	-69.986
424	24713.000	-69.987
424	24714.000	-69.988
424	24715.000	-69.989
424	24716.000	-69.990
424	24717.000	-69.991
424	24718.000	-69.992
424	24719.000	-69.993
424	24720.000	-69.994
424	24721.000	-69.994
424	24722.000	-69.995
424	24723.000	-69.995
424	24724.000	-69.996
424	24725.000	-69.996
424	24726.000	-69.996
424	24727.000	-69.997
424	24728.000	-69.997
424	24729.000	-69.997
424	24730.000	-69.998
424	24731.000	-69.998
424	24732.000	-69.998
424	24733.000	-69.998
424	24734.000	-69.998
424	24735.000	-69.991
424	24736.000	-69.934
424	24737.000	-69.865
424	24738.000	-69.808
424	24739.000	-69.769
424	24740.000	-69.747
424	24741.000	-69.740
424	24742.000	-69.742
424	24743.000	-69.750
424	24744.000	-69.763
424	24745.000	-69.779
424	24746.000	-69.795
424	24747.000	-69.811
424	24748.000	-69.827
424	24749.000	-69.842
424	24750.000	-69.856
424	24751.000	-69.869
424	24752.000	-69.881
424	24753.000	-69.892
424	24754.000	-69.902
424	24755.000	-69.912
424	24756.000	-69.920
424	24757.000	-69.928
424	24758.000	-69.934
424	24759.000	-69.941
424	24760.000	-69.946
424	24761.000	-69.951
424	24762.000	-69.956
424	24763.000	-69.960
424	24764.000	-69.964
424	24765.000	-69.967
424	24766.000	-69.971
424	24767.000	-69.973
424	24768.000	-69.976
424	24769.000	-69.978
424	24770.000	-69.980
424	24771.000	-69.982
424	24772.000	-69.984
424	24773.000	-69.985
424	24774.000	-69.987
424	24775.000	-69.988
424	24776.000	-69.989
424	24777.000	-69.990
424	24778.000	-69.991
424	24779.000	-69.992
424	24780.000	-69.993
424	24781.000	-69.993
424	24782.000	-69.994
424	24783.000	-69.995
424	24784.000	-69.995
424	24785.000	-69.996
424	24786.000	-69.996
424	24787.000	-69.996
424	24788.000	-69.997
424	24789.000	-69.997
424	24790.000	-69.997
424	24791.000	-69.998
424	24792.000	-69.998
424	24793.000	-69.998
424	24794.000	-69.998
424	24795.000	-69.998
424	24796.000	-69.998
424	24797.000	-69.954
424	24798.000	-69.886
424	24799.000	-69.824
424	24800.000	-69.779
424	24801.000	-69.752
424	24802.000	-69.741
424	24803.000	-69.740
424	24804.000	-69.747
424	24805.000	-69.759
424	24806.000	-69.774
424	24807.000	-69.790
424	24808.000	-69.806
424	24809.000	-69.822
424	24810.000	-69.838
424	24811.000	-69.852
424	24812.000	-69.865
424	24813.000	-69.878
424	24814.000	-69.889
424	24815.000	-69.900
424	24816.000	-69.909
424	24817.000	-69.918
424	24818.000	-69.925
424	24819.000	-69.932
424	24820.000	-69.939
424	24821.000	-69.945
424	24822.000	-69.950
424	24823.000	-69.955
424	24824.000	-69.959
424	24825.000	-69.963
424	24826.000	-69.966
424	24827.000	-69.970
424	24828.000	-69.973
424	24829.000	-69.975
424	24830.000	-69.977
424	24831.000	-69.980
424	24832.000	-69.982
424	24833.000	-69.983
424	24834.000	-69.985
424	24835.000	-69.986
424	24836.000	-69.988
424	24837.000	-69.989
424	24838.000	-69.990
424	24839.000	-69.991
424	24840.000	-69.992
424	24841.000	-69.993
424	24842.000	-69.993
424	24843.000	-69.994
424	24844.000	-69.994
424	24845.000	-69.995
424	24846.000	-69.995
424	24847.000	-69.996
424	24848.000	-69.996
424	24849.000	-69.997
424	24850.000	-69.997
424	24851.000	-69.997
424	24852.000	-69.998
424	24853.000	-69.998
424	24854.000	-69.998
424	24855.000	-69.998
424	24856.000	-69.998
424	24857.000	-69.998
424	24858.000	-69.973
424	24859.000	-69.906
424	24860.000	-69.841
424	24861.000	-69.790
424	24862.000	-69.759
424	24863.000	-69.743
424	24864.000	-69.739
424	24865.000	-69.744
424	24866.000	-69.755
424	24867.000	-69.769
424	24868.000	-69.785
424	24869.000	-69.801
424	24870.000	-69.818
424	24871.000	-69.833
424	24872.000	-69.848
424	24873.000	-69.862
424	24874.000	-69.874
424	24875.000	-69.886
424	24876.000	-69.897
424	24877.000	-69.906
424	24878.000	-69.915
424	24879.000	-69.923
424	24880.000	-69.930
424	24881.000	-69.937
424	24882.000	-69.943
424	24883.000	-69.948
424	24884.000	-69.953
424	24885.000	-69.958
424	24886.000	-69.962
424	24887.000	-69.965
424	24888.000	-69.969
424	24889.000	-69.972
424	24890.000	-69.974
424	24891.000	-69.977
424	24892.000	-69.979
424	24893.000	-69.981
424	24894.000	-69.983
424	24895.000	-69.984
424	24896.000	-69.986
424	24897.000	-69.987
424	24898.000	-69.988
424	24899.000	-69.990
424	24900.000	-69.991
424	24901.000	-69.991
424	24902.000	-69.992
424	24903.000	-69.993
424	24904.000	-69.994
424	24905.000	-69.994
424	24906.000	-69.995
424	24907.000	-69.995
424	24908.000	-69.996
424	24909.000	-69.996
424	24910.000	-69.997
424	24911.000	-69.997
424	24912.000	-69.997
424	24913.000	-69.997
424	24914.000	-69.998
424	24915.000	-69.998
424	24916.000	-69.998
424	24917.000	-69.998
424	24918.000	-69.998
424	24919.000	-69.987
424	24920.000	-69.927
424	24921.000	-69.859
424	24922.000	-69.803
424	24923.000	-69.766
424	24924.000	-69.746
424	24925.000	-69.739
424	24926.000	-69.742
424	24927.000	-69.752
424	24928.000	-69.765
424	24929.000	-69.780
424	24930.000	-69.796
424	24931.000	-69.813
424	24932.000	-69.829
424	24933.000	-69.844
424	24934.000	-69.858
424	24935.000	-69.871
424	24936.000	-69.883
424	24937.000	-69.893
424	24938.000	-69.903
424	24939.000	-69.913
424	24940.000	-69.921
424	24941.000	-69.928
424	24942.000	-69.935
424	24943.000	-69.941
424	24944.000	-69.947
424	24945.000	-69.952
424	24946.000	-69.956
424	24947.000	-69.961
424	24948.000	-69.964
424	24949.000	-69.968
424	24950.000	-69.971
424	24951.000	-69.974
424	24952.000	-69.976
424	24953.000	-69.978
424	24954.000	-69.980
424	24955.000	-69.982
424	24956.000	-69.984
424	24957.000	-69.986
424	24958.000	-69.987
424	24959.000	-69.988
424	24960.000	-69.989
424	24961.000	-69.990
424	24962.000	-69.991
424	24963.000	-69.992
424	24964.000	-69.993
424	24965.000	-69.993
424	24966.000	-69.994
424	24967.000	-69.995
424	24968.000	-69.995
424	24969.000	-69.996
424	24970.000	-69.996
424	24971.000	-69.996
424	24972.000	-69.997
424	24973.000	-69.997
424	24974.000	-69.997
424	24975.000	-69.998
424	24976.000	-69.998
424	24977.000	-69.998
424	24978.000	-69.998
424	24979.000	-69.998
424	24980.000	-69.997
424	24981.000	-69.948
424	24982.000	-69.879
424	24983.000	-69.818
424	24984.000	-69.776
424	24985.000	-69.751
424	24986.000	-69.740
424	24987.000	-69.741
424	24988.000	-69.748
424	24989.000	-69.761
424	24990.000	-69.775
424	24991.000	-69.792
424	24992.000	-69.808
424	24993.000	-69.824
424	24994.000	-69.839
424	24995.000	-69.853
424	24996.000	-69.867
424	24997.000	-69.879
424	24998.000	-69.890
424	24999.000	-69.901
424	25000.000	-69.910
424	25001.000	-69.918
424	25002.000	-69.926
424	25003.000	-69.933
424	25004.000	-69.939
424	25005.000	-69.945
424	25006.000	-69.950
424	25007.000	-69.955
424	25008.000	-69.959
424	25009.000	-69.963
424	25010.000	-69.967
424	25011.000	-69.970
424	25012.000	-69.973
424	25013.000	-69.975
424	25014.000	-69.978
424	25015.000	-69.980
424	25016.000	-69.982
424	25017.000	-69.983
424	25018.000	-69.985
424	25019.000	-69.986
424	25020.000	-69.988
424	25021.000	-69.989
424	25022.000	-69.990
424	25023.000	-69.991
424	25024.000	-69.992
424	25025.000	-69.993
424	25026.000	-69.993
424	25027.000	-69.994
424	25028.000	-69.995
424	25029.000	-69.995
424	25030.000	-69.996
424	25031.000	-69.996
424	25032.000	-69.996
424	25033.000	-69.997
424	25034.000	-69.997
424	25035.000	-69.997
424	25036.000	-69.998
424	25037.000	-69.998
424	25038.000	-69.998
424	25039.000	-69.998
424	25040.000	-69.998
424	25041.000	-69.999
424	25042.000	-69.967
424	25043.000	-69.899
424	25044.000	-69.835
424	25045.000	-69.786
424	25046.000	-69.756
424	25047.000	-69.742
424	25048.000	-69.740
424	25049.000	-69.745
424	25050.000	-69.757
424	25051.000	-69.771
424	25052.000	-69.787
424	25053.000	-69.803
424	25054.000	-69.819
424	25055.000	-69.835
424	25056.000	-69.849
424	25057.000	-69.863
424	25058.000	-69.875
424	25059.000	-69.887
424	25060.000	-69.898
424	25061.000	-69.907
424	25062.000	-69.916
424	25063.000	-69.924
424	25064.000	-69.931
424	25065.000	-69.938
424	25066.000	-69.944
424	25067.000	-69.949
424	25068.000	-69.954
424	25069.000	-69.958
424	25070.000	-69.962
424	25071.000	-69.966
424	25072.000	-69.969
424	25073.000	-69.972
424	25074.000	-69.975
424	25075.000	-69.977
424	25076.000	-69.979
424	25077.000	-69.981
424	25078.000	-69.983
424	25079.000	-69.985
424	25080.000	-69.986
424	25081.000	-69.987
424	25082.000	-69.989
424	25083.000	-69.990
424	25084.000	-69.991
424	25085.000	-69.992
424	25086.000	-69.992
424	25087.000	-69.993
424	25088.000	-69.994
424	25089.000	-69.994
424	25090.000	-69.995
424	25091.000	-69.995
424	25092.000	-69.996
424	25093.000	-69.996
424	25094.000	-69.997
424	25095.000	-69.997
424	25096.000	-69.997
424	25097.000	-69.997
424	25098.000	-69.998
424	25099.000	-69.998
424	25100.000	-69.998
424	25101.000	-69.998
424	25102.000	-69.998
424	25103.000	-69.983
424	25104.000	-69.920
424	25105.000	-69.853
424	25106.000	-69.799
424	25107.000	-69.764
424	25108.000	-69.745
424	25109.000	-69.739
424	25110.000	-69.743
424	25111.000	-69.753
424	25112.000	-69.766
424	25113.000	-69.782
424	25114.000	-69.798
424	25115.000	-69.814
424	25116.000	-69.830
424	25117.000	-69.845
424	25118.000	-69.859
424	25119.000	-69.872
424	25120.000	-69.884
424	25121.000	-69.895
424	25122.000	-69.904
424	25123.000	-69.913
424	25124.000	-69.922
424	25125.000	-69.929
424	25126.000	-69.936
424	25127.000	-69.942
424	25128.000	-69.947
424	25129.000	-69.952
424	25130.000	-69.957
424	25131.000	-69.961
424	25132.000	-69.965
424	25133.000	-69.968
424	25134.000	-69.971
424	25135.000	-69.974
424	25136.000	-69.976
424	25137.000	-69.979
424	25138.000	-69.981
424	25139.000	-69.982
424	25140.000	-69.984
424	25141.000	-69.986
424	25142.000	-69.987
424	25143.000	-69.988
424	25144.000	-69.989
424	25145.000	-69.990
424	25146.000	-69.991
424	25147.000	-69.992
424	25148.000	-69.993
424	25149.000	-69.994
424	25150.000	-69.994
424	25151.000	-69.995
424	25152.000	-69.995
424	25153.000	-69.996
424	25154.000	-69.996
424	25155.000	-69.996
424	25156.000	-69.997
424	25157.000	-69.997
424	25158.000	-69.997
424	25159.000	-69.998
424	25160.000	-69.998
424	25161.000	-69.998
424	25162.000	-69.998
424	25163.000	-69.998
424	25164.000	-69.994
424	25165.000	-69.941
424	25166.000	-69.872
424	25167.000	-69.813
424	25168.000	-69.772
424	25169.000	-69.749
424	25170.000	-69.740
424	25171.000	-69.741
424	25172.000	-69.749
424	25173.000	-69.762
424	25174.000	-69.777
424	25175.000	-69.793
424	25176.000	-69.810
424	25177.000	-69.825
424	25178.000	-69.841
424	25179.000	-69.855
424	25180.000	-69.868
424	25181.000	-69.880
424	25182.000	-69.891
424	25183.000	-69.902
424	25184.000	-69.911
424	25185.000	-69.919
424	25186.000	-69.927
424	25187.000	-69.934
424	25188.000	-69.940
424	25189.000	-69.946
424	25190.000	-69.951
424	25191.000	-69.956
424	25192.000	-69.960
424	25193.000	-69.964
424	25194.000	-69.967
424	25195.000	-69.970
424	25196.000	-69.973
424	25197.000	-69.976
424	25198.000	-69.978
424	25199.000	-69.980
424	25200.000	-69.982
424	25201.000	-69.984
424	25202.000	-69.985
424	25203.000	-69.987
424	25204.000	-69.988
424	25205.000	-69.989
424	25206.000	-69.990
424	25207.000	-69.991
424	25208.000	-69.992
424	25209.000	-69.993
424	25210.000	-69.993
424	25211.000	-69.994
424	25212.000	-69.995
424	25213.000	-69.995
424	25214.000	-69.996
424	25215.000	-69.996
424	25216.000	-69.996
424	25217.000	-69.997
424	25218.000	-69.997
424	25219.000	-69.997
424	25220.000	-69.998
424	25221.000	-69.998
424	25222.000	-69.998
424	25223.000	-69.998
424	25224.000	-69.998
424	25225.000	-69.999
424	25226.000	-69.961
424	25227.000	-69.892
424	25228.000	-69.829
424	25229.000	-69.783
424	25230.000	-69.754
424	25231.000	-69.741
424	25232.000	-69.740
424	25233.000	-69.746
424	25234.000	-69.758
424	25235.000	-69.772
424	25236.000	-69.788
424	25237.000	-69.805
424	25238.000	-69.821
424	25239.000	-69.836
424	25240.000	-69.851
424	25241.000	-69.864
424	25242.000	-69.877
424	25243.000	-69.888
424	25244.000	-69.899
424	25245.000	-69.908
424	25246.000	-69.917
424	25247.000	-69.925
424	25248.000	-69.932
424	25249.000	-69.938
424	25250.000	-69.944
424	25251.000	-69.949
424	25252.000	-69.954
424	25253.000	-69.959
424	25254.000	-69.963
424	25255.000	-69.966
424	25256.000	-69.969
424	25257.000	-69.972
424	25258.000	-69.975
424	25259.000	-69.977
424	25260.000	-69.979
424	25261.000	-69.981
424	25262.000	-69.983
424	25263.000	-69.985
424	25264.000	-69.986
424	25265.000	-69.988
424	25266.000	-69.989
424	25267.000	-69.990
424	25268.000	-69.991
424	25269.000	-69.992
424	25270.000	-69.992
424	25271.000	-69.993
424	25272.000	-69.994
424	25273.000	-69.994
424	25274.000	-69.995
424	25275.000	-69.995
424	25276.000	-69.996
424	25277.000	-69.996
424	25278.000	-69.997
424	25279.000	-69.997
424	25280.000	-69.997
424	25281.000	-69.997
424	25282.000	-69.998
424	25283.000	-69.998
424	25284.000	-69.998
424	25285.000	-69.998
424	25286.000	-69.998
424	25287.000	-69.978
424	25288.000	-69.913
424	25289.000	-69.847
424	25290.000	-69.795
424	25291.000	-69.761
424	25292.000	-69.744
424	25293.000	-69.739
424	25294.000	-69.744
424	25295.000	-69.754
424	25296.000	-69.768
424	25297.000	-69.783
424	25298.000	-69.800
424	25299.000	-69.816
424	25300.000	-69.832
424	25301.000	-69.846
424	25302.000	-69.860
424	25303.000	-69.873
424	25304.000	-69.885
424	25305.000	-69.896
424	25306.000	-69.905
424	25307.000	-69.914
424	25308.000	-69.922
424	25309.000	-69.930
424	25310.000	-69.936
424	25311.000	-69.942
424	25312.000	-69.948
424	25313.000	-69.953
424	25314.000	-69.957
424	25315.000	-69.961
424	25316.000	-69.965
424	25317.000	-69.968
424	25318.000	-69.971
424	25319.000	-69.974
424	25320.000	-69.977
424	25321.000	-69.979
424	25322.000	-69.981
424	25323.000	-69.983
424	25324.000	-69.984
424	25325.000	-69.986
424	25326.000	-69.987
424	25327.000	-69.988
424	25328.000	-69.989
424	25329.000	-69.990
424	25330.000	-69.991
424	25331.000	-69.992
424	25332.000	-69.993
424	25333.000	-69.994
424	25334.000	-69.994
424	25335.000	-69.995
424	25336.000	-69.995
424	25337.000	-69.996
424	25338.000	-69.996
424	25339.000	-69.996
424	25340.000	-69.997
424	25341.000	-69.997
424	25342.000	-69.997
424	25343.000	-69.998
424	25344.000	-69.998
424	25345.000	-69.998
424	25346.000	-69.998
424	25347.000	-69.998
424	25348.000	-69.991
424	25349.000	-69.934
424	25350.000	-69.865
424	25351.000	-69.808
424	25352.000	-69.769
424	25353.000	-69.747
424	25354.000	-69.740
424	25355.000	-69.742
424	25356.000	-69.750
424	25357.000	-69.763
424	25358.000	-69.779
424	25359.000	-69.795
424	25360.000	-69.811
424	25361.000	-69.827
424	25362.000	-69.842
424	25363.000	-69.856
424	25364.000	-69.869
424	25365.000	-69.881
424	25366.000	-69.892
424	25367.000	-69.902
424	25368.000	-69.912
424	25369.000	-69.920
424	25370.000	-69.928
424	25371.000	-69.934
424	25372.000	-69.941
424	25373.000	-69.946
424	25374.000	-69.951
424	25375.000	-69.956
424	25376.000	-69.960
424	25377.000	-69.964
424	25378.000	-69.967
424	25379.000	-69.971
424	25380.000	-69.973
424	25381.000	-69.976
424	25382.000	-69.978
424	25383.000	-69.980
424	25384.000	-69.982
424	25385.000	-69.984
424	25386.000	-69.985
424	25387.000	-69.987
424	25388.000	-69.988
424	25389.000	-69.989
424	25390.000	-69.990
424	25391.000	-69.991
424	25392.000	-69.992
424	25393.000	-69.993
424	25394.000	-69.993
424	25395.000	-69.994
424	25396.000	-69.995
424	25397.000	-69.995
424	25398.000	-69.996
424	25399.000	-69.996
424	25400.000	-69.996
424	25401.000	-69.997
424	25402.000	-69.997
424	25403.000	-69.997
424	25404.000	-69.998
424	25405.000	-69.998
424	25406.000	-69.998
424	25407.000	-69.998
424	25408.000	-69.998
424	25409.000	-69.998
424	25410.000	-69.954
424	25411.000	-69.886
424	25412.000	-69.824
424	25413.000	-69.779
424	25414.000	-69.752
424	25415.000	-69.741
424	25416.000	-69.740
424	25417.000	-69.747
424	25418.000	-69.759
424	25419.000	-69.774
424	25420.000	-69.790
424	25421.000	-69.806
424	25422.000	-69.822
424	25423.000	-69.838
424	25424.000	-69.852
424	25425.000	-69.865
424	25426.000	-69.878
424	25427.000	-69.889
424	25428.000	-69.900
424	25429.000	-69.909
424	25430.000	-69.918
424	25431.000	-69.925
424	25432.000	-69.932
424	25433.000	-69.939
424	25434.000	-69.945
424	25435.000	-69.950
424	25436.000	-69.955
424	25437.000	-69.959
424	25438.000	-69.963
424	25439.000	-69.966
424	25440.000	-69.970
424	25441.000	-69.973
424	25442.000	-69.975
424	25443.000	-69.977
424	25444.000	-69.980
424	25445.000	-69.982
424	25446.000	-69.983
424	25447.000	-69.985
424	25448.000	-69.986
424	25449.000	-69.988
424	25450.000	-69.989
424	25451.000	-69.990
424	25452.000	-69.991
424	25453.000	-69.992
424	25454.000	-69.993
424	25455.000	-69.993
424	25456.000	-69.994
424	25457.000	-69.994
424	25458.000	-69.995
424	25459.000	-69.995
424	25460.000	-69.996
424	25461.000	-69.996
424	25462.000	-69.997
424	25463.000	-69.997
424	25464.000	-69.997
424	25465.000	-69.998
424	25466.000	-69.998
424	25467.000	-69.998
424	25468.000	-69.998
424	25469.000	-69.998
424	25470.000	-69.998
424	25471.000	-69.973
424	25472.000	-69.906
424	25473.000	-69.841
424	25474.000	-69.790
424	25475.000	-69.759
424	25476.000	-69.743
424	25477.000	-69.739
424	25478.000	-69.744
424	25479.000	-69.755
424	25480.000	-69.769
424	25481.000	-69.785
424	25482.000	-69.801
424	25483.000	-69.818
424	25484.000	-69.833
424	25485.000	-69.848
424	25486.000	-69.862
424	25487.000	-69.874
424	25488.000	-69.886
424	25489.000	-69.897
424	25490.000	-69.906
424	25491.000	-69.915
424	25492.000	-69.923
424	25493.000	-69.930
424	25494.000	-69.937
424	25495.000	-69.943
424	25496.000	-69.948
424	25497.000	-69.953
424	25498.000	-69.958
424	25499.000	-69.962
424	25500.000	-69.965
424	25501.000	-69.969
424	25502.000	-69.972
424	25503.000	-69.974
424	25504.000	-69.977
424	25505.000	-69.979
424	25506.000	-69.981
424	25507.000	-69.983
424	25508.000	-69.984
424	25509.000	-69.986
424	25510.000	-69.987
424	25511.000	-69.988
424	25512.000	-69.990
424	25513.000	-69.991
424	25514.000	-69.991
424	25515.000	-69.992
424	25516.000	-69.993
424	25517.000	-69.994
424	25518.000	-69.994
424	25519.000	-69.995
424	25520.000	-69.995
424	25521.000	-69.996
424	25522.000	-69.996
424	25523.000	-69.997
424	25524.000	-69.997
424	25525.000	-69.997
424	25526.000	-69.997
424	25527.000	-69.998
424	25528.000	-69.998
424	25529.000	-69.998
424	25530.000	-69.998
424	25531.000	-69.998
424	25532.000	-69.987
424	25533.000	-69.927
424	25534.000	-69.859
424	25535.000	-69.803
424	25536.000	-69.766
424	25537.000	-69.746
424	25538.000	-69.739
424	25539.000	-69.742
424	25540.000	-69.752
424	25541.000	-69.765
424	25542.000	-69.780
424	25543.000	-69.796
424	25544.000	-69.813
424	25545.000	-69.829
424	25546.000	-69.844
424	25547.000	-69.858
424	25548.000	-69.871
424	25549.000	-69.883
424	25550.000	-69.893
424	25551.000	-69.903
424	25552.000	-69.913
424	25553.000	-69.921
424	25554.000	-69.928
424	25555.000	-69.935
424	25556.000	-69.941
424	25557.000	-69.947
424	25558.000	-69.952
424	25559.000	-69.956
424	25560.000	-69.961
424	25561.000	-69.964
424	25562.000	-69.968
424	25563.000	-69.971
424	25564.000	-69.974
424	25565.000	-69.976
424	25566.000	-69.978
424	25567.000	-69.980
424	25568.000	-69.982
424	25569.000	-69.984
424	25570.000	-69.986
424	25571.000	-69.987
424	25572.000	-69.988
424	25573.000	-69.989
424	25574.000	-69.990
424	25575.000	-69.991
424	25576.000	-69.992
424	25577.000	-69.993
424	25578.000	-69.993
424	25579.000	-69.994
424	25580.000	-69.995
424	25581.000	-69.995
424	25582.000	-69.996
424	25583.000	-69.996
424	25584.000	-69.996
424	25585.000	-69.997
424	25586.000	-69.997
424	25587.000	-69.997
424	25588.000	-69.998
424	25589.000	-69.998
424	25590.000	-69.998
424	25591.000	-69.998
424	25592.000	-69.998
424	25593.000	-69.997
424	25594.000	-69.948
424	25595.000	-69.879
424	25596.000	-69.818
424	25597.000	-69.776
424	25598.000	-69.751
424	25599.000	-69.740
424	25600.000	-69.741
424	25601.000	-69.748
424	25602.000	-69.761
424	25603.000	-69.775
424	25604.000	-69.792
424	25605.000	-69.808
424	25606.000	-69.824
424	25607.000	-69.839
424	25608.000	-69.853
424	25609.000	-69.867
424	25610.000	-69.879
424	25611.000	-69.890
424	25612.000	-69.901
424	25613.000	-69.910
424	25614.000	-69.918
424	25615.000	-69.926
424	25616.000	-69.933
424	25617.000	-69.939
424	25618.000	-69.945
424	25619.000	-69.950
424	25620.000	-69.955
424	25621.000	-69.959
424	25622.000	-69.963
424	25623.000	-69.967
424	25624.000	-69.970
424	25625.000	-69.973
424	25626.000	-69.975
424	25627.000	-69.978
424	25628.000	-69.980
424	25629.000	-69.982
424	25630.000	-69.983
424	25631.000	-69.985
424	25632.000	-69.986
424	25633.000	-69.988
424	25634.000	-69.989
424	25635.000	-69.990
424	25636.000	-69.991
424	25637.000	-69.992
424	25638.000	-69.993
424	25639.000	-69.993
424	25640.000	-69.994
424	25641.000	-69.995
424	25642.000	-69.995
424	25643.000	-69.996
424	25644.000	-69.996
424	25645.000	-69.996
424	25646.000	-69.997
424	25647.000	-69.997
424	25648.000	-69.997
424	25649.000	-69.998
424	25650.000	-69.998
424	25651.000	-69.998
424	25652.000	-69.998
424	25653.000	-69.998
424	25654.000	-69.999
424	25655.000	-69.967
424	25656.000	-69.899
424	25657.000	-69.835
424	25658.000	-69.786
424	25659.000	-69.756
424	25660.000	-69.742
424	25661.000	-69.740
424	25662.000	-69.745
424	25663.000	-69.757
424	25664.000	-69.771
424	25665.000	-69.787
424	25666.000	-69.803
424	25667.000	-69.819
424	25668.000	-69.835
424	25669.000	-69.849
424	25670.000	-69.863
424	25671.000	-69.875
424	25672.000	-69.887
424	25673.000	-69.898
424	25674.000	-69.907
424	25675.000	-69.916
424	25676.000	-69.924
424	25677.000	-69.931
424	25678.000	-69.938
424	25679.000	-69.944
424	25680.000	-69.949
424	25681.000	-69.954
424	25682.000	-69.958
424	25683.000	-69.962
424	25684.000	-69.966
424	25685.000	-69.969
424	25686.000	-69.972
424	25687.000	-69.975
424	25688.000	-69.977
424	25689.000	-69.979
424	25690.000	-69.981
424	25691.000	-69.983
424	25692.000	-69.985
424	25693.000	-69.986
424	25694.000	-69.987
424	25695.000	-69.989
424	25696.000	-69.990
424	25697.000	-69.991
424	25698.000	-69.992
424	25699.000	-69.992
424	25700.000	-69.993
424	25701.000	-69.994
424	25702.000	-69.994
424	25703.000	-69.995
424	25704.000	-69.995
424	25705.000	-69.996
424	25706.000	-69.996
424	25707.000	-69.997
424	25708.000	-69.997
424	25709.000	-69.997
424	25710.000	-69.997
424	25711.000	-69.998
424	25712.000	-69.998
424	25713.000	-69.998
424	25714.000	-69.998
424	25715.000	-69.998
424	25716.000	-69.983
424	25717.000	-69.920
424	25718.000	-69.853
424	25719.000	-69.799
424	25720.000	-69.764
424	25721.000	-69.745
424	25722.000	-69.739
424	25723.000	-69.743
424	25724.000	-69.753
424	25725.000	-69.766
424	25726.000	-69.782
424	25727.000	-69.798
424	25728.000	-69.814
424	25729.000	-69.830
424	25730.000	-69.845
424	25731.000	-69.859
424	25732.000	-69.872
424	25733.000	-69.884
424	25734.000	-69.895
424	25735.000	-69.904
424	25736.000	-69.913
424	25737.000	-69.922
424	25738.000	-69.929
424	25739.000	-69.936
424	25740.000	-69.942
424	25741.000	-69.947
424	25742.000	-69.952
424	25743.000	-69.957
424	25744.000	-69.961
424	25745.000	-69.965
424	25746.000	-69.968
424	25747.000	-69.971
424	25748.000	-69.974
424	25749.000	-69.976
424	25750.000	-69.979
424	25751.000	-69.981
424	25752.000	-69.982
424	25753.000	-69.984
424	25754.000	-69.986
424	25755.000	-69.987
424	25756.000	-69.988
424	25757.000	-69.989
424	25758.000	-69.990
424	25759.000	-69.991
424	25760.000	-69.992
424	25761.000	-69.993
424	25762.000	-69.994
424	25763.000	-69.994
424	25764.000	-69.995
424	25765.000	-69.995
424	25766.000	-69.996
424	25767.000	-69.996
424	25768.000	-69.996
424	25769.000	-69.997
424	25770.000	-69.997
424	25771.000	-69.997
424	25772.000	-69.998
424	25773.000	-69.998
424	25774.000	-69.998
424	25775.000	-69.998
424	25776.000	-69.998
424	25777.000	-69.994
424	25778.000	-69.941
424	25779.000	-69.872
424	25780.000	-69.813
424	25781.000	-69.772
424	25782.000	-69.749
424	25783.000	-69.740
424	25784.000	-69.741
424	25785.000	-69.749
424	25786.000	-69.762
424	25787.000	-69.777
424	25788.000	-69.793
424	25789.000	-69.810
424	25790.000	-69.825
424	25791.000	-69.841
424	25792.000	-69.855
424	25793.000	-69.868
424	25794.000	-69.880
424	25795.000	-69.891
424	25796.000	-69.902
424	25797.000	-69.911
424	25798.000	-69.919
424	25799.000	-69.927
424	25800.000	-69.934
424	25801.000	-69.940
424	25802.000	-69.946
424	25803.000	-69.951
424	25804.000	-69.956
424	25805.000	-69.960
424	25806.000	-69.964
424	25807.000	-69.967
424	25808.000	-69.970
424	25809.000	-69.973
424	25810.000	-69.976
424	25811.000	-69.978
424	25812.000	-69.980
424	25813.000	-69.982
424	25814.000	-69.984
424	25815.000	-69.985
424	25816.000	-69.987
424	25817.000	-69.988
424	25818.000	-69.989
424	25819.000	-69.990
424	25820.000	-69.991
424	25821.000	-69.992
424	25822.000	-69.993
424	25823.000	-69.993
424	25824.000	-69.994
424	25825.000	-69.995
424	25826.000	-69.995
424	25827.000	-69.996
424	25828.000	-69.996
424	25829.000	-69.996
424	25830.000	-69.997
424	25831.000	-69.997
424	25832.000	-69.997
424	25833.000	-69.998
424	25834.000	-69.998
424	25835.000	-69.998
424	25836.000	-69.998
424	25837.000	-69.998
424	25838.000	-69.999
424	25839.000	-69.961
424	25840.000	-69.892
424	25841.000	-69.829
424	25842.000	-69.783
424	25843.000	-69.754
424	25844.000	-69.741
424	25845.000	-69.740
424	25846.000	-69.746
424	25847.000	-69.758
424	25848.000	-69.772
424	25849.000	-69.788
424	25850.000	-69.805
424	25851.000	-69.821
424	25852.000	-69.836
424	25853.000	-69.851
424	25854.000	-69.864
424	25855.000	-69.877
424	25856.000	-69.888
424	25857.000	-69.899
424	25858.000	-69.908
424	25859.000	-69.917
424	25860.000	-69.925
424	25861.000	-69.932
424	25862.000	-69.938
424	25863.000	-69.944
424	25864.000	-69.949
424	25865.000	-69.954
424	25866.000	-69.959
424	25867.000	-69.963
424	25868.000	-69.966
424	25869.000	-69.969
424	25870.000	-69.972
424	25871.000	-69.975
424	25872.000	-69.977
424	25873.000	-69.979
424	25874.000	-69.981
424	25875.000	-69.983
424	25876.000	-69.985
424	25877.000	-69.986
424	25878.000	-69.988
424	25879.000	-69.989
424	25880.000	-69.990
424	25881.000	-69.991
424	25882.000	-69.992
424	25883.000	-69.992
424	25884.000	-69.993
424	25885.000	-69.994
424	25886.000	-69.994
424	25887.000	-69.995
424	25888.000	-69.995
424	25889.000	-69.996
424	25890.000	-69.996
424	25891.000	-69.997
424	25892.000	-69.997
424	25893.000	-69.997
424	25894.000	-69.997
424	25895.000	-69.998
424	25896.000	-69.998
424	25897.000	-69.998
424	25898.000	-69.998
424	25899.000	-69.998
424	25900.000	-69.978
424	25901.000	-69.913
424	25902.000	-69.847
424	25903.000	-69.795
424	25904.000	-69.761
424	25905.000	-69.744
424	25906.000	-69.739
424	25907.000	-69.744
424	25908.000	-69.754
424	25909.000	-69.768
424	25910.000	-69.783
424	25911.000	-69.800
424	25912.000	-69.816
424	25913.000	-69.832
424	25914.000	-69.846
424	25915.000	-69.860
424	25916.000	-69.873
424	25917.000	-69.885
424	25918.000	-69.896
424	25919.000	-69.905
424	25920.000	-69.914
424	25921.000	-69.922
424	25922.000	-69.930
424	25923.000	-69.936
424	25924.000	-69.942
424	25925.000	-69.948
424	25926.000	-69.953
424	25927.000	-69.957
424	25928.000	-69.961
424	25929.000	-69.965
424	25930.000	-69.968
424	25931.000	-69.971
424	25932.000	-69.974
424	25933.000	-69.977
424	25934.000	-69.979
424	25935.000	-69.981
424	25936.000	-69.983
424	25937.000	-69.984
424	25938.000	-69.986
424	25939.000	-69.987
424	25940.000	-69.988
424	25941.000	-69.989
424	25942.000	-69.990
424	25943.000	-69.991
424	25944.000	-69.992
424	25945.000	-69.993
424	25946.000	-69.994
424	25947.000	-69.994
424	25948.000	-69.995
424	25949.000	-69.995
424	25950.000	-69.996
424	25951.000	-69.996
424	25952.000	-69.996
424	25953.000	-69.997
424	25954.000	-69.997
424	25955.000	-69.997
424	25956.000	-69.998
424	25957.000	-69.998
424	25958.000	-69.998
424	25959.000	-69.998
424	25960.000	-69.998
424	25961.000	-69.991
424	25962.000	-69.934
424	25963.000	-69.865
424	25964.000	-69.808
424	25965.000	-69.769
424	25966.000	-69.747
424	25967.000	-69.740
424	25968.000	-69.742
424	25969.000	-69.750
424	25970.000	-69.763
424	25971.000	-69.779
424	25972.000	-69.795
424	25973.000	-69.811
424	25974.000	-69.827
424	25975.000	-69.842
424	25976.000	-69.856
424	25977.000	-69.869
424	25978.000	-69.881
424	25979.000	-69.892
424	25980.000	-69.902
424	25981.000	-69.912
424	25982.000	-69.920
424	25983.000	-69.928
424	25984.000	-69.934
424	25985.000	-69.941
424	25986.000	-69.946
424	25987.000	-69.951
424	25988.000	-69.956
424	25989.000	-69.960
424	25990.000	-69.964
424	25991.000	-69.967
424	25992.000	-69.971
424	25993.000	-69.973
424	25994.000	-69.976
424	25995.000	-69.978
424	25996.000	-69.980
424	25997.000	-69.982
424	25998.000	-69.984
424	25999.000	-69.985
