# NEST version: 3.8.0
# RecordingBackendASCII version: 2
sender	time_ms	V_m
430	24001.000	-70.000
430	24002.000	-70.000
430	24003.000	-70.000
430	24004.000	-70.000
430	24005.000	-70.000
430	24006.000	-70.000
430	24007.000	-70.000
430	24008.000	-70.000
430	24009.000	-70.000
430	24010.000	-70.000
430	24011.000	-70.000
430	24012.000	-70.000
430	24013.000	-70.000
430	24014.000	-70.000
430	24015.000	-70.000
430	24016.000	-70.000
430	24017.000	-70.000
430	24018.000	-70.000
430	24019.000	-70.000
430	24020.000	-70.000
430	24021.000	-70.000
430	24022.000	-70.000
430	24023.000	-70.000
430	24024.000	-70.000
430	24025.000	-70.000
430	24026.000	-70.000
430	24027.000	-70.000
430	24028.000	-70.000
430	24029.000	-70.000
430	24030.000	-70.000
430	24031.000	-70.000
430	24032.000	-70.000
430	24033.000	-70.000
430	24034.000	-70.000
430	24035.000	-70.000
430	24036.000	-70.000
430	24037.000	-70.000
430	24038.000	-70.000
430	24039.000	-70.000
430	24040.000	-70.000
430	24041.000	-70.000
430	24042.000	-70.000
430	24043.000	-70.000
430	24044.000	-70.000
430	24045.000	-70.000
430	24046.000	-70.000
430	24047.000	-70.000
430	24048.000	-70.000
430	24049.000	-70.000
430	24050.000	-70.000
430	24051.000	-70.000
430	24052.000	-70.000
430	24053.000	-70.000
430	24054.000	-70.000
430	24055.000	-70.000
430	24056.000	-70.000
430	24057.000	-70.000
430	24058.000	-70.000
430	24059.000	-70.000
430	24060.000	-70.000
430	24061.000	-69.979
430	24062.000	-69.915
430	24063.000	-69.848
430	24064.000	-69.796
430	24065.000	-69.762
430	24066.000	-69.745
430	24067.000	-69.740
430	24068.000	-69.744
430	24069.000	-69.755
430	24070.000	-69.768
430	24071.000	-69.784
430	24072.000	-69.800
430	24073.000	-69.816
430	24074.000	-69.832
430	24075.000	-69.847
430	24076.000	-69.861
430	24077.000	-69.873
430	24078.000	-69.885
430	24079.000	-69.896
430	24080.000	-69.906
430	24081.000	-69.914
430	24082.000	-69.923
430	24083.000	-69.930
430	24084.000	-69.937
430	24085.000	-69.943
430	24086.000	-69.948
430	24087.000	-69.953
430	24088.000	-69.957
430	24089.000	-69.961
430	24090.000	-69.965
430	24091.000	-69.968
430	24092.000	-69.971
430	24093.000	-69.974
430	24094.000	-69.977
430	24095.000	-69.979
430	24096.000	-69.981
430	24097.000	-69.983
430	24098.000	-69.984
430	24099.000	-69.986
430	24100.000	-69.987
430	24101.000	-69.988
430	24102.000	-69.989
430	24103.000	-69.990
430	24104.000	-69.991
430	24105.000	-69.992
430	24106.000	-69.993
430	24107.000	-69.994
430	24108.000	-69.994
430	24109.000	-69.995
430	24110.000	-69.995
430	24111.000	-69.996
430	24112.000	-69.996
430	24113.000	-69.997
430	24114.000	-69.997
430	24115.000	-69.997
430	24116.000	-69.997
430	24117.000	-69.998
430	24118.000	-69.998
430	24119.000	-69.998
430	24120.000	-69.998
430	24121.000	-69.998
430	24122.000	-69.991
430	24123.000	-69.934
430	24124.000	-69.865
430	24125.000	-69.808
430	24126.000	-69.769
430	24127.000	-69.747
430	24128.000	-69.740
430	24129.000	-69.742
430	24130.000	-69.750
430	24131.000	-69.763
430	24132.000	-69.779
430	24133.000	-69.795
430	24134.000	-69.811
430	24135.000	-69.827
430	24136.000	-69.842
430	24137.000	-69.856
430	24138.000	-69.869
430	24139.000	-69.881
430	24140.000	-69.892
430	24141.000	-69.902
430	24142.000	-69.912
430	24143.000	-69.920
430	24144.000	-69.928
430	24145.000	-69.934
430	24146.000	-69.941
430	24147.000	-69.946
430	24148.000	-69.951
430	24149.000	-69.956
430	24150.000	-69.960
430	24151.000	-69.964
430	24152.000	-69.967
430	24153.000	-69.971
430	24154.000	-69.973
430	24155.000	-69.976
430	24156.000	-69.978
430	24157.000	-69.980
430	24158.000	-69.982
430	24159.000	-69.984
430	24160.000	-69.985
430	24161.000	-69.987
430	24162.000	-69.988
430	24163.000	-69.989
430	24164.000	-69.990
430	24165.000	-69.991
430	24166.000	-69.992
430	24167.000	-69.993
430	24168.000	-69.993
430	24169.000	-69.994
430	24170.000	-69.995
430	24171.000	-69.995
430	24172.000	-69.996
430	24173.000	-69.996
430	24174.000	-69.996
430	24175.000	-69.997
430	24176.000	-69.997
430	24177.000	-69.997
430	24178.000	-69.998
430	24179.000	-69.998
430	24180.000	-69.998
430	24181.000	-69.998
430	24182.000	-69.998
430	24183.000	-69.998
430	24184.000	-69.954
430	24185.000	-69.886
430	24186.000	-69.824
430	24187.000	-69.779
430	24188.000	-69.752
430	24189.000	-69.741
430	24190.000	-69.740
430	24191.000	-69.747
430	24192.000	-69.759
430	24193.000	-69.774
430	24194.000	-69.790
430	24195.000	-69.806
430	24196.000	-69.822
430	24197.000	-69.838
430	24198.000	-69.852
430	24199.000	-69.865
430	24200.000	-69.878
430	24201.000	-69.889
430	24202.000	-69.900
430	24203.000	-69.909
430	24204.000	-69.918
430	24205.000	-69.925
430	24206.000	-69.932
430	24207.000	-69.939
430	24208.000	-69.945
430	24209.000	-69.950
430	24210.000	-69.955
430	24211.000	-69.959
430	24212.000	-69.963
430	24213.000	-69.966
430	24214.000	-69.970
430	24215.000	-69.973
430	24216.000	-69.975
430	24217.000	-69.977
430	24218.000	-69.980
430	24219.000	-69.982
430	24220.000	-69.983
430	24221.000	-69.985
430	24222.000	-69.986
430	24223.000	-69.988
430	24224.000	-69.989
430	24225.000	-69.990
430	24226.000	-69.991
430	24227.000	-69.992
430	24228.000	-69.993
430	24229.000	-69.993
430	24230.000	-69.994
430	24231.000	-69.994
430	24232.000	-69.995
430	24233.000	-69.995
430	24234.000	-69.996
430	24235.000	-69.996
430	24236.000	-69.997
430	24237.000	-69.997
430	24238.000	-69.997
430	24239.000	-69.998
430	24240.000	-69.998
430	24241.000	-69.998
430	24242.000	-69.998
430	24243.000	-69.998
430	24244.000	-69.998
430	24245.000	-69.973
430	24246.000	-69.906
430	24247.000	-69.841
430	24248.000	-69.790
430	24249.000	-69.759
430	24250.000	-69.743
430	24251.000	-69.739
430	24252.000	-69.744
430	24253.000	-69.755
430	24254.000	-69.769
430	24255.000	-69.785
430	24256.000	-69.801
430	24257.000	-69.818
430	24258.000	-69.833
430	24259.000	-69.848
430	24260.000	-69.862
430	24261.000	-69.874
430	24262.000	-69.886
430	24263.000	-69.897
430	24264.000	-69.906
430	24265.000	-69.915
430	24266.000	-69.923
430	24267.000	-69.930
430	24268.000	-69.937
430	24269.000	-69.943
430	24270.000	-69.948
430	24271.000	-69.953
430	24272.000	-69.958
430	24273.000	-69.962
430	24274.000	-69.965
430	24275.000	-69.969
430	24276.000	-69.972
430	24277.000	-69.974
430	24278.000	-69.977
430	24279.000	-69.979
430	24280.000	-69.981
430	24281.000	-69.983
430	24282.000	-69.984
430	24283.000	-69.986
430	24284.000	-69.987
430	24285.000	-69.988
430	24286.000	-69.990
430	24287.000	-69.991
430	24288.000	-69.991
430	24289.000	-69.992
430	24290.000	-69.993
430	24291.000	-69.994
430	24292.000	-69.994
430	24293.000	-69.995
430	24294.000	-69.995
430	24295.000	-69.996
430	24296.000	-69.996
430	24297.000	-69.997
430	24298.000	-69.997
430	24299.000	-69.997
430	24300.000	-69.997
430	24301.000	-69.998
430	24302.000	-69.998
430	24303.000	-69.998
430	24304.000	-69.998
430	24305.000	-69.998
430	24306.000	-69.987
430	24307.000	-69.927
430	24308.000	-69.859
430	24309.000	-69.803
430	24310.000	-69.766
430	24311.000	-69.746
430	24312.000	-69.739
430	24313.000	-69.742
430	24314.000	-69.752
430	24315.000	-69.765
430	24316.000	-69.780
430	24317.000	-69.796
430	24318.000	-69.813
430	24319.000	-69.829
430	24320.000	-69.844
430	24321.000	-69.858
430	24322.000	-69.871
430	24323.000	-69.883
430	24324.000	-69.893
430	24325.000	-69.903
430	24326.000	-69.913
430	24327.000	-69.921
430	24328.000	-69.928
430	24329.000	-69.935
430	24330.000	-69.941
430	24331.000	-69.947
430	24332.000	-69.952
430	24333.000	-69.956
430	24334.000	-69.961
430	24335.000	-69.964
430	24336.000	-69.968
430	24337.000	-69.971
430	24338.000	-69.974
430	24339.000	-69.976
430	24340.000	-69.978
430	24341.000	-69.980
430	24342.000	-69.982
430	24343.000	-69.984
430	24344.000	-69.986
430	24345.000	-69.987
430	24346.000	-69.988
430	24347.000	-69.989
430	24348.000	-69.990
430	24349.000	-69.991
430	24350.000	-69.992
430	24351.000	-69.993
430	24352.000	-69.993
430	24353.000	-69.994
430	24354.000	-69.995
430	24355.000	-69.995
430	24356.000	-69.996
430	24357.000	-69.996
430	24358.000	-69.996
430	24359.000	-69.997
430	24360.000	-69.997
430	24361.000	-69.997
430	24362.000	-69.998
430	24363.000	-69.998
430	24364.000	-69.998
430	24365.000	-69.998
430	24366.000	-69.998
430	24367.000	-69.997
430	24368.000	-69.948
430	24369.000	-69.879
430	24370.000	-69.818
430	24371.000	-69.776
430	24372.000	-69.751
430	24373.000	-69.740
430	24374.000	-69.741
430	24375.000	-69.748
430	24376.000	-69.761
430	24377.000	-69.775
430	24378.000	-69.792
430	24379.000	-69.808
430	24380.000	-69.824
430	24381.000	-69.839
430	24382.000	-69.853
430	24383.000	-69.867
430	24384.000	-69.879
430	24385.000	-69.890
430	24386.000	-69.901
430	24387.000	-69.910
430	24388.000	-69.918
430	24389.000	-69.926
430	24390.000	-69.933
430	24391.000	-69.939
430	24392.000	-69.945
430	24393.000	-69.950
430	24394.000	-69.955
430	24395.000	-69.959
430	24396.000	-69.963
430	24397.000	-69.967
430	24398.000	-69.970
430	24399.000	-69.973
430	24400.000	-69.975
430	24401.000	-69.978
430	24402.000	-69.980
430	24403.000	-69.982
430	24404.000	-69.983
430	24405.000	-69.985
430	24406.000	-69.986
430	24407.000	-69.988
430	24408.000	-69.989
430	24409.000	-69.990
430	24410.000	-69.991
430	24411.000	-69.992
430	24412.000	-69.993
430	24413.000	-69.993
430	24414.000	-69.994
430	24415.000	-69.995
430	24416.000	-69.995
430	24417.000	-69.996
430	24418.000	-69.996
430	24419.000	-69.996
430	24420.000	-69.997
430	24421.000	-69.997
430	24422.000	-69.997
430	24423.000	-69.998
430	24424.000	-69.998
430	24425.000	-69.998
430	24426.000	-69.998
430	24427.000	-69.998
430	24428.000	-69.999
430	24429.000	-69.967
430	24430.000	-69.899
430	24431.000	-69.835
430	24432.000	-69.786
430	24433.000	-69.756
430	24434.000	-69.742
430	24435.000	-69.740
430	24436.000	-69.745
430	24437.000	-69.757
430	24438.000	-69.771
430	24439.000	-69.787
430	24440.000	-69.803
430	24441.000	-69.819
430	24442.000	-69.835
430	24443.000	-69.849
430	24444.000	-69.863
430	24445.000	-69.875
430	24446.000	-69.887
430	24447.000	-69.898
430	24448.000	-69.907
430	24449.000	-69.916
430	24450.000	-69.924
430	24451.000	-69.931
430	24452.000	-69.938
430	24453.000	-69.944
430	24454.000	-69.949
430	24455.000	-69.954
430	24456.000	-69.958
430	24457.000	-69.962
430	24458.000	-69.966
430	24459.000	-69.969
430	24460.000	-69.972
430	24461.000	-69.975
430	24462.000	-69.977
430	24463.000	-69.979
430	24464.000	-69.981
430	24465.000	-69.983
430	24466.000	-69.985
430	24467.000	-69.986
430	24468.000	-69.987
430	24469.000	-69.989
430	24470.000	-69.990
430	24471.000	-69.991
430	24472.000	-69.992
430	24473.000	-69.992
430	24474.000	-69.993
430	24475.000	-69.994
430	24476.000	-69.994
430	24477.000	-69.995
430	24478.000	-69.995
430	24479.000	-69.996
430	24480.000	-69.996
430	24481.000	-69.997
430	24482.000	-69.997
430	24483.000	-69.997
430	24484.000	-69.997
430	24485.000	-69.998
430	24486.000	-69.998
430	24487.000	-69.998
430	24488.000	-69.998
430	24489.000	-69.998
430	24490.000	-69.983
430	24491.000	-69.920
430	24492.000	-69.853
430	24493.000	-69.799
430	24494.000	-69.764
430	24495.000	-69.745
430	24496.000	-69.739
430	24497.000	-69.743
430	24498.000	-69.753
430	24499.000	-69.766
430	24500.000	-69.782
430	24501.000	-69.798
430	24502.000	-69.814
430	24503.000	-69.830
430	24504.000	-69.845
430	24505.000	-69.859
430	24506.000	-69.872
430	24507.000	-69.884
430	24508.000	-69.895
430	24509.000	-69.904
430	24510.000	-69.913
430	24511.000	-69.922
430	24512.000	-69.929
430	24513.000	-69.936
430	24514.000	-69.942
430	24515.000	-69.947
430	24516.000	-69.952
430	24517.000	-69.957
430	24518.000	-69.961
430	24519.000	-69.965
430	24520.000	-69.968
430	24521.000	-69.971
430	24522.000	-69.974
430	24523.000	-69.976
430	24524.000	-69.979
430	24525.000	-69.981
430	24526.000	-69.982
430	24527.000	-69.984
430	24528.000	-69.986
430	24529.000	-69.987
430	24530.000	-69.988
430	24531.000	-69.989
430	24532.000	-69.990
430	24533.000	-69.991
430	24534.000	-69.992
430	24535.000	-69.993
430	24536.000	-69.994
430	24537.000	-69.994
430	24538.000	-69.995
430	24539.000	-69.995
430	24540.000	-69.996
430	24541.000	-69.996
430	24542.000	-69.996
430	24543.000	-69.997
430	24544.000	-69.997
430	24545.000	-69.997
430	24546.000	-69.998
430	24547.000	-69.998
430	24548.000	-69.998
430	24549.000	-69.998
430	24550.000	-69.998
430	24551.000	-69.994
430	24552.000	-69.941
430	24553.000	-69.872
430	24554.000	-69.813
430	24555.000	-69.772
430	24556.000	-69.749
430	24557.000	-69.740
430	24558.000	-69.741
430	24559.000	-69.749
430	24560.000	-69.762
430	24561.000	-69.777
430	24562.000	-69.793
430	24563.000	-69.810
430	24564.000	-69.825
430	24565.000	-69.841
430	24566.000	-69.855
430	24567.000	-69.868
430	24568.000	-69.880
430	24569.000	-69.891
430	24570.000	-69.902
430	24571.000	-69.911
430	24572.000	-69.919
430	24573.000	-69.927
430	24574.000	-69.934
430	24575.000	-69.940
430	24576.000	-69.946
430	24577.000	-69.951
430	24578.000	-69.956
430	24579.000	-69.960
430	24580.000	-69.964
430	24581.000	-69.967
430	24582.000	-69.970
430	24583.000	-69.973
430	24584.000	-69.976
430	24585.000	-69.978
430	24586.000	-69.980
430	24587.000	-69.982
430	24588.000	-69.984
430	24589.000	-69.985
430	24590.000	-69.987
430	24591.000	-69.988
430	24592.000	-69.989
430	24593.000	-69.990
430	24594.000	-69.991
430	24595.000	-69.992
430	24596.000	-69.993
430	24597.000	-69.993
430	24598.000	-69.994
430	24599.000	-69.995
430	24600.000	-69.995
430	24601.000	-69.996
430	24602.000	-69.996
430	24603.000	-69.996
430	24604.000	-69.997
430	24605.000	-69.997
430	24606.000	-69.997
430	24607.000	-69.998
430	24608.000	-69.998
430	24609.000	-69.998
430	24610.000	-69.998
430	24611.000	-69.998
430	24612.000	-69.999
430	24613.000	-69.961
430	24614.000	-69.892
430	24615.000	-69.829
430	24616.000	-69.783
430	24617.000	-69.754
430	24618.000	-69.741
430	24619.000	-69.740
430	24620.000	-69.746
430	24621.000	-69.758
430	24622.000	-69.772
430	24623.000	-69.788
430	24624.000	-69.805
430	24625.000	-69.821
430	24626.000	-69.836
430	24627.000	-69.851
430	24628.000	-69.864
430	24629.000	-69.877
430	24630.000	-69.888
430	24631.000	-69.899
430	24632.000	-69.908
430	24633.000	-69.917
430	24634.000	-69.925
430	24635.000	-69.932
430	24636.000	-69.938
430	24637.000	-69.944
430	24638.000	-69.949
430	24639.000	-69.954
430	24640.000	-69.959
430	24641.000	-69.963
430	24642.000	-69.966
430	24643.000	-69.969
430	24644.000	-69.972
430	24645.000	-69.975
430	24646.000	-69.977
430	24647.000	-69.979
430	24648.000	-69.981
430	24649.000	-69.983
430	24650.000	-69.985
430	24651.000	-69.986
430	24652.000	-69.988
430	24653.000	-69.989
430	24654.000	-69.990
430	24655.000	-69.991
430	24656.000	-69.992
430	24657.000	-69.992
430	24658.000	-69.993
430	24659.000	-69.994
430	24660.000	-69.994
430	24661.000	-69.995
430	24662.000	-69.995
430	24663.000	-69.996
430	24664.000	-69.996
430	24665.000	-69.997
430	24666.000	-69.997
430	24667.000	-69.997
430	24668.000	-69.997
430	24669.000	-69.998
430	24670.000	-69.998
430	24671.000	-69.998
430	24672.000	-69.998
430	24673.000	-69.998
430	24674.000	-69.978
430	24675.000	-69.913
430	24676.000	-69.847
430	24677.000	-69.795
430	24678.000	-69.761
430	24679.000	-69.744
430	24680.000	-69.739
430	24681.000	-69.744
430	24682.000	-69.754
430	24683.000	-69.768
430	24684.000	-69.783
430	24685.000	-69.800
430	24686.000	-69.816
430	24687.000	-69.832
430	24688.000	-69.846
430	24689.000	-69.860
430	24690.000	-69.873
430	24691.000	-69.885
430	24692.000	-69.896
430	24693.000	-69.905
430	24694.000	-69.914
430	24695.000	-69.922
430	24696.000	-69.930
430	24697.000	-69.936
430	24698.000	-69.942
430	24699.000	-69.948
430	24700.000	-69.953
430	24701.000	-69.957
430	24702.000	-69.961
430	24703.000	-69.965
430	24704.000	-69.968
430	24705.000	-69.971
430	24706.000	-69.974
430	24707.000	-69.977
430	24708.000	-69.979
430	24709.000	-69.981
430	24710.000	-69.983
430	24711.000	-69.984
430	24712.000	-69.986
430	24713.000	-69.987
430	24714.000	-69.988
430	24715.000	-69.989
430	24716.000	-69.990
430	24717.000	-69.991
430	24718.000	-69.992
430	24719.000	-69.993
430	24720.000	-69.994
430	24721.000	-69.994
430	24722.000	-69.995
430	24723.000	-69.995
430	24724.000	-69.996
430	24725.000	-69.996
430	24726.000	-69.996
430	24727.000	-69.997
430	24728.000	-69.997
430	24729.000	-69.997
430	24730.000	-69.998
430	24731.000	-69.998
430	24732.000	-69.998
430	24733.000	-69.998
430	24734.000	-69.998
430	24735.000	-69.991
430	24736.000	-69.934
430	24737.000	-69.865
430	24738.000	-69.808
430	24739.000	-69.769
430	24740.000	-69.747
430	24741.000	-69.740
430	24742.000	-69.742
430	24743.000	-69.750
430	24744.000	-69.763
430	24745.000	-69.779
430	24746.000	-69.795
430	24747.000	-69.811
430	24748.000	-69.827
430	24749.000	-69.842
430	24750.000	-69.856
430	24751.000	-69.869
430	24752.000	-69.881
430	24753.000	-69.892
430	24754.000	-69.902
430	24755.000	-69.912
430	24756.000	-69.920
430	24757.000	-69.928
430	24758.000	-69.934
430	24759.000	-69.941
430	24760.000	-69.946
430	24761.000	-69.951
430	24762.000	-69.956
430	24763.000	-69.960
430	24764.000	-69.964
430	24765.000	-69.967
430	24766.000	-69.971
430	24767.000	-69.973
430	24768.000	-69.976
430	24769.000	-69.978
430	24770.000	-69.980
430	24771.000	-69.982
430	24772.000	-69.984
430	24773.000	-69.985
430	24774.000	-69.987
430	24775.000	-69.988
430	24776.000	-69.989
430	24777.000	-69.990
430	24778.000	-69.991
430	24779.000	-69.992
430	24780.000	-69.993
430	24781.000	-69.993
430	24782.000	-69.994
430	24783.000	-69.995
430	24784.000	-69.995
430	24785.000	-69.996
430	24786.000	-69.996
430	24787.000	-69.996
430	24788.000	-69.997
430	24789.000	-69.997
430	24790.000	-69.997
430	24791.000	-69.998
430	24792.000	-69.998
430	24793.000	-69.998
430	24794.000	-69.998
430	24795.000	-69.998
430	24796.000	-69.998
430	24797.000	-69.954
430	24798.000	-69.886
430	24799.000	-69.824
430	24800.000	-69.779
430	24801.000	-69.752
430	24802.000	-69.741
430	24803.000	-69.740
430	24804.000	-69.747
430	24805.000	-69.759
430	24806.000	-69.774
430	24807.000	-69.790
430	24808.000	-69.806
430	24809.000	-69.822
430	24810.000	-69.838
430	24811.000	-69.852
430	24812.000	-69.865
430	24813.000	-69.878
430	24814.000	-69.889
430	24815.000	-69.900
430	24816.000	-69.909
430	24817.000	-69.918
430	24818.000	-69.925
430	24819.000	-69.932
430	24820.000	-69.939
430	24821.000	-69.945
430	24822.000	-69.950
430	24823.000	-69.955
430	24824.000	-69.959
430	24825.000	-69.963
430	24826.000	-69.966
430	24827.000	-69.970
430	24828.000	-69.973
430	24829.000	-69.975
430	24830.000	-69.977
430	24831.000	-69.980
430	24832.000	-69.982
430	24833.000	-69.983
430	24834.000	-69.985
430	24835.000	-69.986
430	24836.000	-69.988
430	24837.000	-69.989
430	24838.000	-69.990
430	24839.000	-69.991
430	24840.000	-69.992
430	24841.000	-69.993
430	24842.000	-69.993
430	24843.000	-69.994
430	24844.000	-69.994
430	24845.000	-69.995
430	24846.000	-69.995
430	24847.000	-69.996
430	24848.000	-69.996
430	24849.000	-69.997
430	24850.000	-69.997
430	24851.000	-69.997
430	24852.000	-69.998
430	24853.000	-69.998
430	24854.000	-69.998
430	24855.000	-69.998
430	24856.000	-69.998
430	24857.000	-69.998
430	24858.000	-69.973
430	24859.000	-69.906
430	24860.000	-69.841
430	24861.000	-69.790
430	24862.000	-69.759
430	24863.000	-69.743
430	24864.000	-69.739
430	24865.000	-69.744
430	24866.000	-69.755
430	24867.000	-69.769
430	24868.000	-69.785
430	24869.000	-69.801
430	24870.000	-69.818
430	24871.000	-69.833
430	24872.000	-69.848
430	24873.000	-69.862
430	24874.000	-69.874
430	24875.000	-69.886
430	24876.000	-69.897
430	24877.000	-69.906
430	24878.000	-69.915
430	24879.000	-69.923
430	24880.000	-69.930
430	24881.000	-69.937
430	24882.000	-69.943
430	24883.000	-69.948
430	24884.000	-69.953
430	24885.000	-69.958
430	24886.000	-69.962
430	24887.000	-69.965
430	24888.000	-69.969
430	24889.000	-69.972
430	24890.000	-69.974
430	24891.000	-69.977
430	24892.000	-69.979
430	24893.000	-69.981
430	24894.000	-69.983
430	24895.000	-69.984
430	24896.000	-69.986
430	24897.000	-69.987
430	24898.000	-69.988
430	24899.000	-69.990
430	24900.000	-69.991
430	24901.000	-69.991
430	24902.000	-69.992
430	24903.000	-69.993
430	24904.000	-69.994
430	24905.000	-69.994
430	24906.000	-69.995
430	24907.000	-69.995
430	24908.000	-69.996
430	24909.000	-69.996
430	24910.000	-69.997
430	24911.000	-69.997
430	24912.000	-69.997
430	24913.000	-69.997
430	24914.000	-69.998
430	24915.000	-69.998
430	24916.000	-69.998
430	24917.000	-69.998
430	24918.000	-69.998
430	24919.000	-69.987
430	24920.000	-69.927
430	24921.000	-69.859
430	24922.000	-69.803
430	24923.000	-69.766
430	24924.000	-69.746
430	24925.000	-69.739
430	24926.000	-69.742
430	24927.000	-69.752
430	24928.000	-69.765
430	24929.000	-69.780
430	24930.000	-69.796
430	24931.000	-69.813
430	24932.000	-69.829
430	24933.000	-69.844
430	24934.000	-69.858
430	24935.000	-69.871
430	24936.000	-69.883
430	24937.000	-69.893
430	24938.000	-69.903
430	24939.000	-69.913
430	24940.000	-69.921
430	24941.000	-69.928
430	24942.000	-69.935
430	24943.000	-69.941
430	24944.000	-69.947
430	24945.000	-69.952
430	24946.000	-69.956
430	24947.000	-69.961
430	24948.000	-69.964
430	24949.000	-69.968
430	24950.000	-69.971
430	24951.000	-69.974
430	24952.000	-69.976
430	24953.000	-69.978
430	24954.000	-69.980
430	24955.000	-69.982
430	24956.000	-69.984
430	24957.000	-69.986
430	24958.000	-69.987
430	24959.000	-69.988
430	24960.000	-69.989
430	24961.000	-69.990
430	24962.000	-69.991
430	24963.000	-69.992
430	24964.000	-69.993
430	24965.000	-69.993
430	24966.000	-69.994
430	24967.000	-69.995
430	24968.000	-69.995
430	24969.000	-69.996
430	24970.000	-69.996
430	24971.000	-69.996
430	24972.000	-69.997
430	24973.000	-69.997
430	24974.000	-69.997
430	24975.000	-69.998
430	24976.000	-69.998
430	24977.000	-69.998
430	24978.000	-69.998
430	24979.000	-69.998
430	24980.000	-69.997
430	24981.000	-69.948
430	24982.000	-69.879
430	24983.000	-69.818
430	24984.000	-69.776
430	24985.000	-69.751
430	24986.000	-69.740
430	24987.000	-69.741
430	24988.000	-69.748
430	24989.000	-69.761
430	24990.000	-69.775
430	24991.000	-69.792
430	24992.000	-69.808
430	24993.000	-69.824
430	24994.000	-69.839
430	24995.000	-69.853
430	24996.000	-69.867
430	24997.000	-69.879
430	24998.000	-69.890
430	24999.000	-69.901
430	25000.000	-69.910
430	25001.000	-69.918
430	25002.000	-69.926
430	25003.000	-69.933
430	25004.000	-69.939
430	25005.000	-69.945
430	25006.000	-69.950
430	25007.000	-69.955
430	25008.000	-69.959
430	25009.000	-69.963
430	25010.000	-69.967
430	25011.000	-69.970
430	25012.000	-69.973
430	25013.000	-69.975
430	25014.000	-69.978
430	25015.000	-69.980
430	25016.000	-69.982
430	25017.000	-69.983
430	25018.000	-69.985
430	25019.000	-69.986
430	25020.000	-69.988
430	25021.000	-69.989
430	25022.000	-69.990
430	25023.000	-69.991
430	25024.000	-69.992
430	25025.000	-69.993
430	25026.000	-69.993
430	25027.000	-69.994
430	25028.000	-69.995
430	25029.000	-69.995
430	25030.000	-69.996
430	25031.000	-69.996
430	25032.000	-69.996
430	25033.000	-69.997
430	25034.000	-69.997
430	25035.000	-69.997
430	25036.000	-69.998
430	25037.000	-69.998
430	25038.000	-69.998
430	25039.000	-69.998
430	25040.000	-69.998
430	25041.000	-69.999
430	25042.000	-69.967
430	25043.000	-69.899
430	25044.000	-69.835
430	25045.000	-69.786
430	25046.000	-69.756
430	25047.000	-69.742
430	25048.000	-69.740
430	25049.000	-69.745
430	25050.000	-69.757
430	25051.000	-69.771
430	25052.000	-69.787
430	25053.000	-69.803
430	25054.000	-69.819
430	25055.000	-69.835
430	25056.000	-69.849
430	25057.000	-69.863
430	25058.000	-69.875
430	25059.000	-69.887
430	25060.000	-69.898
430	25061.000	-69.907
430	25062.000	-69.916
430	25063.000	-69.924
430	25064.000	-69.931
430	25065.000	-69.938
430	25066.000	-69.944
430	25067.000	-69.949
430	25068.000	-69.954
430	25069.000	-69.958
430	25070.000	-69.962
430	25071.000	-69.966
430	25072.000	-69.969
430	25073.000	-69.972
430	25074.000	-69.975
430	25075.000	-69.977
430	25076.000	-69.979
430	25077.000	-69.981
430	25078.000	-69.983
430	25079.000	-69.985
430	25080.000	-69.986
430	25081.000	-69.987
430	25082.000	-69.989
430	25083.000	-69.990
430	25084.000	-69.991
430	25085.000	-69.992
430	25086.000	-69.992
430	25087.000	-69.993
430	25088.000	-69.994
430	25089.000	-69.994
430	25090.000	-69.995
430	25091.000	-69.995
430	25092.000	-69.996
430	25093.000	-69.996
430	25094.000	-69.997
430	25095.000	-69.997
430	25096.000	-69.997
430	25097.000	-69.997
430	25098.000	-69.998
430	25099.000	-69.998
430	25100.000	-69.998
430	25101.000	-69.998
430	25102.000	-69.998
430	25103.000	-69.983
430	25104.000	-69.920
430	25105.000	-69.853
430	25106.000	-69.799
430	25107.000	-69.764
430	25108.000	-69.745
430	25109.000	-69.739
430	25110.000	-69.743
430	25111.000	-69.753
430	25112.000	-69.766
430	25113.000	-69.782
430	25114.000	-69.798
430	25115.000	-69.814
430	25116.000	-69.830
430	25117.000	-69.845
430	25118.000	-69.859
430	25119.000	-69.872
430	25120.000	-69.884
430	25121.000	-69.895
430	25122.000	-69.904
430	25123.000	-69.913
430	25124.000	-69.922
430	25125.000	-69.929
430	25126.000	-69.936
430	25127.000	-69.942
430	25128.000	-69.947
430	25129.000	-69.952
430	25130.000	-69.957
430	25131.000	-69.961
430	25132.000	-69.965
430	25133.000	-69.968
430	25134.000	-69.971
430	25135.000	-69.974
430	25136.000	-69.976
430	25137.000	-69.979
430	25138.000	-69.981
430	25139.000	-69.982
430	25140.000	-69.984
430	25141.000	-69.986
430	25142.000	-69.987
430	25143.000	-69.988
430	25144.000	-69.989
430	25145.000	-69.990
430	25146.000	-69.991
430	25147.000	-69.992
430	25148.000	-69.993
430	25149.000	-69.994
430	25150.000	-69.994
430	25151.000	-69.995
430	25152.000	-69.995
430	25153.000	-69.996
430	25154.000	-69.996
430	25155.000	-69.996
430	25156.000	-69.997
430	25157.000	-69.997
430	25158.000	-69.997
430	25159.000	-69.998
430	25160.000	-69.998
430	25161.000	-69.998
430	25162.000	-69.998
430	25163.000	-69.998
430	25164.000	-69.994
430	25165.000	-69.941
430	25166.000	-69.872
430	25167.000	-69.813
430	25168.000	-69.772
430	25169.000	-69.749
430	25170.000	-69.740
430	25171.000	-69.741
430	25172.000	-69.749
430	25173.000	-69.762
430	25174.000	-69.777
430	25175.000	-69.793
430	25176.000	-69.810
430	25177.000	-69.825
430	25178.000	-69.841
430	25179.000	-69.855
430	25180.000	-69.868
430	25181.000	-69.880
430	25182.000	-69.891
430	25183.000	-69.902
430	25184.000	-69.911
430	25185.000	-69.919
430	25186.000	-69.927
430	25187.000	-69.934
430	25188.000	-69.940
430	25189.000	-69.946
430	25190.000	-69.951
430	25191.000	-69.956
430	25192.000	-69.960
430	25193.000	-69.964
430	25194.000	-69.967
430	25195.000	-69.970
430	25196.000	-69.973
430	25197.000	-69.976
430	25198.000	-69.978
430	25199.000	-69.980
430	25200.000	-69.982
430	25201.000	-69.984
430	25202.000	-69.985
430	25203.000	-69.987
430	25204.000	-69.988
430	25205.000	-69.989
430	25206.000	-69.990
430	25207.000	-69.991
430	25208.000	-69.992
430	25209.000	-69.993
430	25210.000	-69.993
430	25211.000	-69.994
430	25212.000	-69.995
430	25213.000	-69.995
430	25214.000	-69.996
430	25215.000	-69.996
430	25216.000	-69.996
430	25217.000	-69.997
430	25218.000	-69.997
430	25219.000	-69.997
430	25220.000	-69.998
430	25221.000	-69.998
430	25222.000	-69.998
430	25223.000	-69.998
430	25224.000	-69.998
430	25225.000	-69.999
430	25226.000	-69.961
430	25227.000	-69.892
430	25228.000	-69.829
430	25229.000	-69.783
430	25230.000	-69.754
430	25231.000	-69.741
430	25232.000	-69.740
430	25233.000	-69.746
430	25234.000	-69.758
430	25235.000	-69.772
430	25236.000	-69.788
430	25237.000	-69.805
430	25238.000	-69.821
430	25239.000	-69.836
430	25240.000	-69.851
430	25241.000	-69.864
430	25242.000	-69.877
430	25243.000	-69.888
430	25244.000	-69.899
430	25245.000	-69.908
430	25246.000	-69.917
430	25247.000	-69.925
430	25248.000	-69.932
430	25249.000	-69.938
430	25250.000	-69.944
430	25251.000	-69.949
430	25252.000	-69.954
430	25253.000	-69.959
430	25254.000	-69.963
430	25255.000	-69.966
430	25256.000	-69.969
430	25257.000	-69.972
430	25258.000	-69.975
430	25259.000	-69.977
430	25260.000	-69.979
430	25261.000	-69.981
430	25262.000	-69.983
430	25263.000	-69.985
430	25264.000	-69.986
430	25265.000	-69.988
430	25266.000	-69.989
430	25267.000	-69.990
430	25268.000	-69.991
430	25269.000	-69.992
430	25270.000	-69.992
430	25271.000	-69.993
430	25272.000	-69.994
430	25273.000	-69.994
430	25274.000	-69.995
430	25275.000	-69.995
430	25276.000	-69.996
430	25277.000	-69.996
430	25278.000	-69.997
430	25279.000	-69.997
430	25280.000	-69.997
430	25281.000	-69.997
430	25282.000	-69.998
430	25283.000	-69.998
430	25284.000	-69.998
430	25285.000	-69.998
430	25286.000	-69.998
430	25287.000	-69.978
430	25288.000	-69.913
430	25289.000	-69.847
430	25290.000	-69.795
430	25291.000	-69.761
430	25292.000	-69.744
430	25293.000	-69.739
430	25294.000	-69.744
430	25295.000	-69.754
430	25296.000	-69.768
430	25297.000	-69.783
430	25298.000	-69.800
430	25299.000	-69.816
430	25300.000	-69.832
430	25301.000	-69.846
430	25302.000	-69.860
430	25303.000	-69.873
430	25304.000	-69.885
430	25305.000	-69.896
430	25306.000	-69.905
430	25307.000	-69.914
430	25308.000	-69.922
430	25309.000	-69.930
430	25310.000	-69.936
430	25311.000	-69.942
430	25312.000	-69.948
430	25313.000	-69.953
430	25314.000	-69.957
430	25315.000	-69.961
430	25316.000	-69.965
430	25317.000	-69.968
430	25318.000	-69.971
430	25319.000	-69.974
430	25320.000	-69.977
430	25321.000	-69.979
430	25322.000	-69.981
430	25323.000	-69.983
430	25324.000	-69.984
430	25325.000	-69.986
430	25326.000	-69.987
430	25327.000	-69.988
430	25328.000	-69.989
430	25329.000	-69.990
430	25330.000	-69.991
430	25331.000	-69.992
430	25332.000	-69.993
430	25333.000	-69.994
430	25334.000	-69.994
430	25335.000	-69.995
430	25336.000	-69.995
430	25337.000	-69.996
430	25338.000	-69.996
430	25339.000	-69.996
430	25340.000	-69.997
430	25341.000	-69.997
430	25342.000	-69.997
430	25343.000	-69.998
430	25344.000	-69.998
430	25345.000	-69.998
430	25346.000	-69.998
430	25347.000	-69.998
430	25348.000	-69.991
430	25349.000	-69.934
430	25350.000	-69.865
430	25351.000	-69.808
430	25352.000	-69.769
430	25353.000	-69.747
430	25354.000	-69.740
430	25355.000	-69.742
430	25356.000	-69.750
430	25357.000	-69.763
430	25358.000	-69.779
430	25359.000	-69.795
430	25360.000	-69.811
430	25361.000	-69.827
430	25362.000	-69.842
430	25363.000	-69.856
430	25364.000	-69.869
430	25365.000	-69.881
430	25366.000	-69.892
430	25367.000	-69.902
430	25368.000	-69.912
430	25369.000	-69.920
430	25370.000	-69.928
430	25371.000	-69.934
430	25372.000	-69.941
430	25373.000	-69.946
430	25374.000	-69.951
430	25375.000	-69.956
430	25376.000	-69.960
430	25377.000	-69.964
430	25378.000	-69.967
430	25379.000	-69.971
430	25380.000	-69.973
430	25381.000	-69.976
430	25382.000	-69.978
430	25383.000	-69.980
430	25384.000	-69.982
430	25385.000	-69.984
430	25386.000	-69.985
430	25387.000	-69.987
430	25388.000	-69.988
430	25389.000	-69.989
430	25390.000	-69.990
430	25391.000	-69.991
430	25392.000	-69.992
430	25393.000	-69.993
430	25394.000	-69.993
430	25395.000	-69.994
430	25396.000	-69.995
430	25397.000	-69.995
430	25398.000	-69.996
430	25399.000	-69.996
430	25400.000	-69.996
430	25401.000	-69.997
430	25402.000	-69.997
430	25403.000	-69.997
430	25404.000	-69.998
430	25405.000	-69.998
430	25406.000	-69.998
430	25407.000	-69.998
430	25408.000	-69.998
430	25409.000	-69.998
430	25410.000	-69.954
430	25411.000	-69.886
430	25412.000	-69.824
430	25413.000	-69.779
430	25414.000	-69.752
430	25415.000	-69.741
430	25416.000	-69.740
430	25417.000	-69.747
430	25418.000	-69.759
430	25419.000	-69.774
430	25420.000	-69.790
430	25421.000	-69.806
430	25422.000	-69.822
430	25423.000	-69.838
430	25424.000	-69.852
430	25425.000	-69.865
430	25426.000	-69.878
430	25427.000	-69.889
430	25428.000	-69.900
430	25429.000	-69.909
430	25430.000	-69.918
430	25431.000	-69.925
430	25432.000	-69.932
430	25433.000	-69.939
430	25434.000	-69.945
430	25435.000	-69.950
430	25436.000	-69.955
430	25437.000	-69.959
430	25438.000	-69.963
430	25439.000	-69.966
430	25440.000	-69.970
430	25441.000	-69.973
430	25442.000	-69.975
430	25443.000	-69.977
430	25444.000	-69.980
430	25445.000	-69.982
430	25446.000	-69.983
430	25447.000	-69.985
430	25448.000	-69.986
430	25449.000	-69.988
430	25450.000	-69.989
430	25451.000	-69.990
430	25452.000	-69.991
430	25453.000	-69.992
430	25454.000	-69.993
430	25455.000	-69.993
430	25456.000	-69.994
430	25457.000	-69.994
430	25458.000	-69.995
430	25459.000	-69.995
430	25460.000	-69.996
430	25461.000	-69.996
430	25462.000	-69.997
430	25463.000	-69.997
430	25464.000	-69.997
430	25465.000	-69.998
430	25466.000	-69.998
430	25467.000	-69.998
430	25468.000	-69.998
430	25469.000	-69.998
430	25470.000	-69.998
430	25471.000	-69.973
430	25472.000	-69.906
430	25473.000	-69.841
430	25474.000	-69.790
430	25475.000	-69.759
430	25476.000	-69.743
430	25477.000	-69.739
430	25478.000	-69.744
430	25479.000	-69.755
430	25480.000	-69.769
430	25481.000	-69.785
430	25482.000	-69.801
430	25483.000	-69.818
430	25484.000	-69.833
430	25485.000	-69.848
430	25486.000	-69.862
430	25487.000	-69.874
430	25488.000	-69.886
430	25489.000	-69.897
430	25490.000	-69.906
430	25491.000	-69.915
430	25492.000	-69.923
430	25493.000	-69.930
430	25494.000	-69.937
430	25495.000	-69.943
430	25496.000	-69.948
430	25497.000	-69.953
430	25498.000	-69.958
430	25499.000	-69.962
430	25500.000	-69.965
430	25501.000	-69.969
430	25502.000	-69.972
430	25503.000	-69.974
430	25504.000	-69.977
430	25505.000	-69.979
430	25506.000	-69.981
430	25507.000	-69.983
430	25508.000	-69.984
430	25509.000	-69.986
430	25510.000	-69.987
430	25511.000	-69.988
430	25512.000	-69.990
430	25513.000	-69.991
430	25514.000	-69.991
430	25515.000	-69.992
430	25516.000	-69.993
430	25517.000	-69.994
430	25518.000	-69.994
430	25519.000	-69.995
430	25520.000	-69.995
430	25521.000	-69.996
430	25522.000	-69.996
430	25523.000	-69.997
430	25524.000	-69.997
430	25525.000	-69.997
430	25526.000	-69.997
430	25527.000	-69.998
430	25528.000	-69.998
430	25529.000	-69.998
430	25530.000	-69.998
430	25531.000	-69.998
430	25532.000	-69.987
430	25533.000	-69.927
430	25534.000	-69.859
430	25535.000	-69.803
430	25536.000	-69.766
430	25537.000	-69.746
430	25538.000	-69.739
430	25539.000	-69.742
430	25540.000	-69.752
430	25541.000	-69.765
430	25542.000	-69.780
430	25543.000	-69.796
430	25544.000	-69.813
430	25545.000	-69.829
430	25546.000	-69.844
430	25547.000	-69.858
430	25548.000	-69.871
430	25549.000	-69.883
430	25550.000	-69.893
430	25551.000	-69.903
430	25552.000	-69.913
430	25553.000	-69.921
430	25554.000	-69.928
430	25555.000	-69.935
430	25556.000	-69.941
430	25557.000	-69.947
430	25558.000	-69.952
430	25559.000	-69.956
430	25560.000	-69.961
430	25561.000	-69.964
430	25562.000	-69.968
430	25563.000	-69.971
430	25564.000	-69.974
430	25565.000	-69.976
430	25566.000	-69.978
430	25567.000	-69.980
430	25568.000	-69.982
430	25569.000	-69.984
430	25570.000	-69.986
430	25571.000	-69.987
430	25572.000	-69.988
430	25573.000	-69.989
430	25574.000	-69.990
430	25575.000	-69.991
430	25576.000	-69.992
430	25577.000	-69.993
430	25578.000	-69.993
430	25579.000	-69.994
430	25580.000	-69.995
430	25581.000	-69.995
430	25582.000	-69.996
430	25583.000	-69.996
430	25584.000	-69.996
430	25585.000	-69.997
430	25586.000	-69.997
430	25587.000	-69.997
430	25588.000	-69.998
430	25589.000	-69.998
430	25590.000	-69.998
430	25591.000	-69.998
430	25592.000	-69.998
430	25593.000	-69.997
430	25594.000	-69.948
430	25595.000	-69.879
430	25596.000	-69.818
430	25597.000	-69.776
430	25598.000	-69.751
430	25599.000	-69.740
430	25600.000	-69.741
430	25601.000	-69.748
430	25602.000	-69.761
430	25603.000	-69.775
430	25604.000	-69.792
430	25605.000	-69.808
430	25606.000	-69.824
430	25607.000	-69.839
430	25608.000	-69.853
430	25609.000	-69.867
430	25610.000	-69.879
430	25611.000	-69.890
430	25612.000	-69.901
430	25613.000	-69.910
430	25614.000	-69.918
430	25615.000	-69.926
430	25616.000	-69.933
430	25617.000	-69.939
430	25618.000	-69.945
430	25619.000	-69.950
430	25620.000	-69.955
430	25621.000	-69.959
430	25622.000	-69.963
430	25623.000	-69.967
430	25624.000	-69.970
430	25625.000	-69.973
430	25626.000	-69.975
430	25627.000	-69.978
430	25628.000	-69.980
430	25629.000	-69.982
430	25630.000	-69.983
430	25631.000	-69.985
430	25632.000	-69.986
430	25633.000	-69.988
430	25634.000	-69.989
430	25635.000	-69.990
430	25636.000	-69.991
430	25637.000	-69.992
430	25638.000	-69.993
430	25639.000	-69.993
430	25640.000	-69.994
430	25641.000	-69.995
430	25642.000	-69.995
430	25643.000	-69.996
430	25644.000	-69.996
430	25645.000	-69.996
430	25646.000	-69.997
430	25647.000	-69.997
430	25648.000	-69.997
430	25649.000	-69.998
430	25650.000	-69.998
430	25651.000	-69.998
430	25652.000	-69.998
430	25653.000	-69.998
430	25654.000	-69.999
430	25655.000	-69.967
430	25656.000	-69.899
430	25657.000	-69.835
430	25658.000	-69.786
430	25659.000	-69.756
430	25660.000	-69.742
430	25661.000	-69.740
430	25662.000	-69.745
430	25663.000	-69.757
430	25664.000	-69.771
430	25665.000	-69.787
430	25666.000	-69.803
430	25667.000	-69.819
430	25668.000	-69.835
430	25669.000	-69.849
430	25670.000	-69.863
430	25671.000	-69.875
430	25672.000	-69.887
430	25673.000	-69.898
430	25674.000	-69.907
430	25675.000	-69.916
430	25676.000	-69.924
430	25677.000	-69.931
430	25678.000	-69.938
430	25679.000	-69.944
430	25680.000	-69.949
430	25681.000	-69.954
430	25682.000	-69.958
430	25683.000	-69.962
430	25684.000	-69.966
430	25685.000	-69.969
430	25686.000	-69.972
430	25687.000	-69.975
430	25688.000	-69.977
430	25689.000	-69.979
430	25690.000	-69.981
430	25691.000	-69.983
430	25692.000	-69.985
430	25693.000	-69.986
430	25694.000	-69.987
430	25695.000	-69.989
430	25696.000	-69.990
430	25697.000	-69.991
430	25698.000	-69.992
430	25699.000	-69.992
430	25700.000	-69.993
430	25701.000	-69.994
430	25702.000	-69.994
430	25703.000	-69.995
430	25704.000	-69.995
430	25705.000	-69.996
430	25706.000	-69.996
430	25707.000	-69.997
430	25708.000	-69.997
430	25709.000	-69.997
430	25710.000	-69.997
430	25711.000	-69.998
430	25712.000	-69.998
430	25713.000	-69.998
430	25714.000	-69.998
430	25715.000	-69.998
430	25716.000	-69.983
430	25717.000	-69.920
430	25718.000	-69.853
430	25719.000	-69.799
430	25720.000	-69.764
430	25721.000	-69.745
430	25722.000	-69.739
430	25723.000	-69.743
430	25724.000	-69.753
430	25725.000	-69.766
430	25726.000	-69.782
430	25727.000	-69.798
430	25728.000	-69.814
430	25729.000	-69.830
430	25730.000	-69.845
430	25731.000	-69.859
430	25732.000	-69.872
430	25733.000	-69.884
430	25734.000	-69.895
430	25735.000	-69.904
430	25736.000	-69.913
430	25737.000	-69.922
430	25738.000	-69.929
430	25739.000	-69.936
430	25740.000	-69.942
430	25741.000	-69.947
430	25742.000	-69.952
430	25743.000	-69.957
430	25744.000	-69.961
430	25745.000	-69.965
430	25746.000	-69.968
430	25747.000	-69.971
430	25748.000	-69.974
430	25749.000	-69.976
430	25750.000	-69.979
430	25751.000	-69.981
430	25752.000	-69.982
430	25753.000	-69.984
430	25754.000	-69.986
430	25755.000	-69.987
430	25756.000	-69.988
430	25757.000	-69.989
430	25758.000	-69.990
430	25759.000	-69.991
430	25760.000	-69.992
430	25761.000	-69.993
430	25762.000	-69.994
430	25763.000	-69.994
430	25764.000	-69.995
430	25765.000	-69.995
430	25766.000	-69.996
430	25767.000	-69.996
430	25768.000	-69.996
430	25769.000	-69.997
430	25770.000	-69.997
430	25771.000	-69.997
430	25772.000	-69.998
430	25773.000	-69.998
430	25774.000	-69.998
430	25775.000	-69.998
430	25776.000	-69.998
430	25777.000	-69.994
430	25778.000	-69.941
430	25779.000	-69.872
430	25780.000	-69.813
430	25781.000	-69.772
430	25782.000	-69.749
430	25783.000	-69.740
430	25784.000	-69.741
430	25785.000	-69.749
430	25786.000	-69.762
430	25787.000	-69.777
430	25788.000	-69.793
430	25789.000	-69.810
430	25790.000	-69.825
430	25791.000	-69.841
430	25792.000	-69.855
430	25793.000	-69.868
430	25794.000	-69.880
430	25795.000	-69.891
430	25796.000	-69.902
430	25797.000	-69.911
430	25798.000	-69.919
430	25799.000	-69.927
430	25800.000	-69.934
430	25801.000	-69.940
430	25802.000	-69.946
430	25803.000	-69.951
430	25804.000	-69.956
430	25805.000	-69.960
430	25806.000	-69.964
430	25807.000	-69.967
430	25808.000	-69.970
430	25809.000	-69.973
430	25810.000	-69.976
430	25811.000	-69.978
430	25812.000	-69.980
430	25813.000	-69.982
430	25814.000	-69.984
430	25815.000	-69.985
430	25816.000	-69.987
430	25817.000	-69.988
430	25818.000	-69.989
430	25819.000	-69.990
430	25820.000	-69.991
430	25821.000	-69.992
430	25822.000	-69.993
430	25823.000	-69.993
430	25824.000	-69.994
430	25825.000	-69.995
430	25826.000	-69.995
430	25827.000	-69.996
430	25828.000	-69.996
430	25829.000	-69.996
430	25830.000	-69.997
430	25831.000	-69.997
430	25832.000	-69.997
430	25833.000	-69.998
430	25834.000	-69.998
430	25835.000	-69.998
430	25836.000	-69.998
430	25837.000	-69.998
430	25838.000	-69.999
430	25839.000	-69.961
430	25840.000	-69.892
430	25841.000	-69.829
430	25842.000	-69.783
430	25843.000	-69.754
430	25844.000	-69.741
430	25845.000	-69.740
430	25846.000	-69.746
430	25847.000	-69.758
430	25848.000	-69.772
430	25849.000	-69.788
430	25850.000	-69.805
430	25851.000	-69.821
430	25852.000	-69.836
430	25853.000	-69.851
430	25854.000	-69.864
430	25855.000	-69.877
430	25856.000	-69.888
430	25857.000	-69.899
430	25858.000	-69.908
430	25859.000	-69.917
430	25860.000	-69.925
430	25861.000	-69.932
430	25862.000	-69.938
430	25863.000	-69.944
430	25864.000	-69.949
430	25865.000	-69.954
430	25866.000	-69.959
430	25867.000	-69.963
430	25868.000	-69.966
430	25869.000	-69.969
430	25870.000	-69.972
430	25871.000	-69.975
430	25872.000	-69.977
430	25873.000	-69.979
430	25874.000	-69.981
430	25875.000	-69.983
430	25876.000	-69.985
430	25877.000	-69.986
430	25878.000	-69.988
430	25879.000	-69.989
430	25880.000	-69.990
430	25881.000	-69.991
430	25882.000	-69.992
430	25883.000	-69.992
430	25884.000	-69.993
430	25885.000	-69.994
430	25886.000	-69.994
430	25887.000	-69.995
430	25888.000	-69.995
430	25889.000	-69.996
430	25890.000	-69.996
430	25891.000	-69.997
430	25892.000	-69.997
430	25893.000	-69.997
430	25894.000	-69.997
430	25895.000	-69.998
430	25896.000	-69.998
430	25897.000	-69.998
430	25898.000	-69.998
430	25899.000	-69.998
430	25900.000	-69.978
430	25901.000	-69.913
430	25902.000	-69.847
430	25903.000	-69.795
430	25904.000	-69.761
430	25905.000	-69.744
430	25906.000	-69.739
430	25907.000	-69.744
430	25908.000	-69.754
430	25909.000	-69.768
430	25910.000	-69.783
430	25911.000	-69.800
430	25912.000	-69.816
430	25913.000	-69.832
430	25914.000	-69.846
430	25915.000	-69.860
430	25916.000	-69.873
430	25917.000	-69.885
430	25918.000	-69.896
430	25919.000	-69.905
430	25920.000	-69.914
430	25921.000	-69.922
430	25922.000	-69.930
430	25923.000	-69.936
430	25924.000	-69.942
430	25925.000	-69.948
430	25926.000	-69.953
430	25927.000	-69.957
430	25928.000	-69.961
430	25929.000	-69.965
430	25930.000	-69.968
430	25931.000	-69.971
430	25932.000	-69.974
430	25933.000	-69.977
430	25934.000	-69.979
430	25935.000	-69.981
430	25936.000	-69.983
430	25937.000	-69.984
430	25938.000	-69.986
430	25939.000	-69.987
430	25940.000	-69.988
430	25941.000	-69.989
430	25942.000	-69.990
430	25943.000	-69.991
430	25944.000	-69.992
430	25945.000	-69.993
430	25946.000	-69.994
430	25947.000	-69.994
430	25948.000	-69.995
430	25949.000	-69.995
430	25950.000	-69.996
430	25951.000	-69.996
430	25952.000	-69.996
430	25953.000	-69.997
430	25954.000	-69.997
430	25955.000	-69.997
430	25956.000	-69.998
430	25957.000	-69.998
430	25958.000	-69.998
430	25959.000	-69.998
430	25960.000	-69.998
430	25961.000	-69.991
430	25962.000	-69.934
430	25963.000	-69.865
430	25964.000	-69.808
430	25965.000	-69.769
430	25966.000	-69.747
430	25967.000	-69.740
430	25968.000	-69.742
430	25969.000	-69.750
430	25970.000	-69.763
430	25971.000	-69.779
430	25972.000	-69.795
430	25973.000	-69.811
430	25974.000	-69.827
430	25975.000	-69.842
430	25976.000	-69.856
430	25977.000	-69.869
430	25978.000	-69.881
430	25979.000	-69.892
430	25980.000	-69.902
430	25981.000	-69.912
430	25982.000	-69.920
430	25983.000	-69.928
430	25984.000	-69.934
430	25985.000	-69.941
430	25986.000	-69.946
430	25987.000	-69.951
430	25988.000	-69.956
430	25989.000	-69.960
430	25990.000	-69.964
430	25991.000	-69.967
430	25992.000	-69.971
430	25993.000	-69.973
430	25994.000	-69.976
430	25995.000	-69.978
430	25996.000	-69.980
430	25997.000	-69.982
430	25998.000	-69.984
430	25999.000	-69.985
