# NEST version: 3.8.0
# RecordingBackendASCII version: 2
sender	time_ms	V_m
427	24001.000	-70.000
427	24002.000	-70.000
427	24003.000	-70.000
427	24004.000	-70.000
427	24005.000	-70.000
427	24006.000	-70.000
427	24007.000	-70.000
427	24008.000	-70.000
427	24009.000	-70.000
427	24010.000	-70.000
427	24011.000	-70.000
427	24012.000	-70.000
427	24013.000	-70.000
427	24014.000	-70.000
427	24015.000	-70.000
427	24016.000	-70.000
427	24017.000	-70.000
427	24018.000	-70.000
427	24019.000	-70.000
427	24020.000	-70.000
427	24021.000	-70.000
427	24022.000	-70.000
427	24023.000	-70.000
427	24024.000	-70.000
427	24025.000	-70.000
427	24026.000	-70.000
427	24027.000	-70.000
427	24028.000	-70.000
427	24029.000	-70.000
427	24030.000	-70.000
427	24031.000	-70.000
427	24032.000	-70.000
427	24033.000	-70.000
427	24034.000	-70.000
427	24035.000	-70.000
427	24036.000	-70.000
427	24037.000	-70.000
427	24038.000	-70.000
427	24039.000	-70.000
427	24040.000	-70.000
427	24041.000	-70.000
427	24042.000	-70.000
427	24043.000	-70.000
427	24044.000	-70.000
427	24045.000	-70.000
427	24046.000	-70.000
427	24047.000	-70.000
427	24048.000	-70.000
427	24049.000	-70.000
427	24050.000	-70.000
427	24051.000	-70.000
427	24052.000	-70.000
427	24053.000	-70.000
427	24054.000	-70.000
427	24055.000	-70.000
427	24056.000	-70.000
427	24057.000	-70.000
427	24058.000	-70.000
427	24059.000	-70.000
427	24060.000	-70.000
427	24061.000	-69.979
427	24062.000	-69.915
427	24063.000	-69.848
427	24064.000	-69.796
427	24065.000	-69.762
427	24066.000	-69.745
427	24067.000	-69.740
427	24068.000	-69.744
427	24069.000	-69.755
427	24070.000	-69.768
427	24071.000	-69.784
427	24072.000	-69.800
427	24073.000	-69.816
427	24074.000	-69.832
427	24075.000	-69.847
427	24076.000	-69.861
427	24077.000	-69.873
427	24078.000	-69.885
427	24079.000	-69.896
427	24080.000	-69.906
427	24081.000	-69.914
427	24082.000	-69.923
427	24083.000	-69.930
427	24084.000	-69.937
427	24085.000	-69.943
427	24086.000	-69.948
427	24087.000	-69.953
427	24088.000	-69.957
427	24089.000	-69.961
427	24090.000	-69.965
427	24091.000	-69.968
427	24092.000	-69.971
427	24093.000	-69.974
427	24094.000	-69.977
427	24095.000	-69.979
427	24096.000	-69.981
427	24097.000	-69.983
427	24098.000	-69.984
427	24099.000	-69.986
427	24100.000	-69.987
427	24101.000	-69.988
427	24102.000	-69.989
427	24103.000	-69.990
427	24104.000	-69.991
427	24105.000	-69.992
427	24106.000	-69.993
427	24107.000	-69.994
427	24108.000	-69.994
427	24109.000	-69.995
427	24110.000	-69.995
427	24111.000	-69.996
427	24112.000	-69.996
427	24113.000	-69.997
427	24114.000	-69.997
427	24115.000	-69.997
427	24116.000	-69.997
427	24117.000	-69.998
427	24118.000	-69.998
427	24119.000	-69.998
427	24120.000	-69.998
427	24121.000	-69.998
427	24122.000	-69.991
427	24123.000	-69.934
427	24124.000	-69.865
427	24125.000	-69.808
427	24126.000	-69.769
427	24127.000	-69.747
427	24128.000	-69.740
427	24129.000	-69.742
427	24130.000	-69.750
427	24131.000	-69.763
427	24132.000	-69.779
427	24133.000	-69.795
427	24134.000	-69.811
427	24135.000	-69.827
427	24136.000	-69.842
427	24137.000	-69.856
427	24138.000	-69.869
427	24139.000	-69.881
427	24140.000	-69.892
427	24141.000	-69.902
427	24142.000	-69.912
427	24143.000	-69.920
427	24144.000	-69.928
427	24145.000	-69.934
427	24146.000	-69.941
427	24147.000	-69.946
427	24148.000	-69.951
427	24149.000	-69.956
427	24150.000	-69.960
427	24151.000	-69.964
427	24152.000	-69.967
427	24153.000	-69.971
427	24154.000	-69.973
427	24155.000	-69.976
427	24156.000	-69.978
427	24157.000	-69.980
427	24158.000	-69.982
427	24159.000	-69.984
427	24160.000	-69.985
427	24161.000	-69.987
427	24162.000	-69.988
427	24163.000	-69.989
427	24164.000	-69.990
427	24165.000	-69.991
427	24166.000	-69.992
427	24167.000	-69.993
427	24168.000	-69.993
427	24169.000	-69.994
427	24170.000	-69.995
427	24171.000	-69.995
427	24172.000	-69.996
427	24173.000	-69.996
427	24174.000	-69.996
427	24175.000	-69.997
427	24176.000	-69.997
427	24177.000	-69.997
427	24178.000	-69.998
427	24179.000	-69.998
427	24180.000	-69.998
427	24181.000	-69.998
427	24182.000	-69.998
427	24183.000	-69.998
427	24184.000	-69.954
427	24185.000	-69.886
427	24186.000	-69.824
427	24187.000	-69.779
427	24188.000	-69.752
427	24189.000	-69.741
427	24190.000	-69.740
427	24191.000	-69.747
427	24192.000	-69.759
427	24193.000	-69.774
427	24194.000	-69.790
427	24195.000	-69.806
427	24196.000	-69.822
427	24197.000	-69.838
427	24198.000	-69.852
427	24199.000	-69.865
427	24200.000	-69.878
427	24201.000	-69.889
427	24202.000	-69.900
427	24203.000	-69.909
427	24204.000	-69.918
427	24205.000	-69.925
427	24206.000	-69.932
427	24207.000	-69.939
427	24208.000	-69.945
427	24209.000	-69.950
427	24210.000	-69.955
427	24211.000	-69.959
427	24212.000	-69.963
427	24213.000	-69.966
427	24214.000	-69.970
427	24215.000	-69.973
427	24216.000	-69.975
427	24217.000	-69.977
427	24218.000	-69.980
427	24219.000	-69.982
427	24220.000	-69.983
427	24221.000	-69.985
427	24222.000	-69.986
427	24223.000	-69.988
427	24224.000	-69.989
427	24225.000	-69.990
427	24226.000	-69.991
427	24227.000	-69.992
427	24228.000	-69.993
427	24229.000	-69.993
427	24230.000	-69.994
427	24231.000	-69.994
427	24232.000	-69.995
427	24233.000	-69.995
427	24234.000	-69.996
427	24235.000	-69.996
427	24236.000	-69.997
427	24237.000	-69.997
427	24238.000	-69.997
427	24239.000	-69.998
427	24240.000	-69.998
427	24241.000	-69.998
427	24242.000	-69.998
427	24243.000	-69.998
427	24244.000	-69.998
427	24245.000	-69.973
427	24246.000	-69.906
427	24247.000	-69.841
427	24248.000	-69.790
427	24249.000	-69.759
427	24250.000	-69.743
427	24251.000	-69.739
427	24252.000	-69.744
427	24253.000	-69.755
427	24254.000	-69.769
427	24255.000	-69.785
427	24256.000	-69.801
427	24257.000	-69.818
427	24258.000	-69.833
427	24259.000	-69.848
427	24260.000	-69.862
427	24261.000	-69.874
427	24262.000	-69.886
427	24263.000	-69.897
427	24264.000	-69.906
427	24265.000	-69.915
427	24266.000	-69.923
427	24267.000	-69.930
427	24268.000	-69.937
427	24269.000	-69.943
427	24270.000	-69.948
427	24271.000	-69.953
427	24272.000	-69.958
427	24273.000	-69.962
427	24274.000	-69.965
427	24275.000	-69.969
427	24276.000	-69.972
427	24277.000	-69.974
427	24278.000	-69.977
427	24279.000	-69.979
427	24280.000	-69.981
427	24281.000	-69.983
427	24282.000	-69.984
427	24283.000	-69.986
427	24284.000	-69.987
427	24285.000	-69.988
427	24286.000	-69.990
427	24287.000	-69.991
427	24288.000	-69.991
427	24289.000	-69.992
427	24290.000	-69.993
427	24291.000	-69.994
427	24292.000	-69.994
427	24293.000	-69.995
427	24294.000	-69.995
427	24295.000	-69.996
427	24296.000	-69.996
427	24297.000	-69.997
427	24298.000	-69.997
427	24299.000	-69.997
427	24300.000	-69.997
427	24301.000	-69.998
427	24302.000	-69.998
427	24303.000	-69.998
427	24304.000	-69.998
427	24305.000	-69.998
427	24306.000	-69.987
427	24307.000	-69.927
427	24308.000	-69.859
427	24309.000	-69.803
427	24310.000	-69.766
427	24311.000	-69.746
427	24312.000	-69.739
427	24313.000	-69.742
427	24314.000	-69.752
427	24315.000	-69.765
427	24316.000	-69.780
427	24317.000	-69.796
427	24318.000	-69.813
427	24319.000	-69.829
427	24320.000	-69.844
427	24321.000	-69.858
427	24322.000	-69.871
427	24323.000	-69.883
427	24324.000	-69.893
427	24325.000	-69.903
427	24326.000	-69.913
427	24327.000	-69.921
427	24328.000	-69.928
427	24329.000	-69.935
427	24330.000	-69.941
427	24331.000	-69.947
427	24332.000	-69.952
427	24333.000	-69.956
427	24334.000	-69.961
427	24335.000	-69.964
427	24336.000	-69.968
427	24337.000	-69.971
427	24338.000	-69.974
427	24339.000	-69.976
427	24340.000	-69.978
427	24341.000	-69.980
427	24342.000	-69.982
427	24343.000	-69.984
427	24344.000	-69.986
427	24345.000	-69.987
427	24346.000	-69.988
427	24347.000	-69.989
427	24348.000	-69.990
427	24349.000	-69.991
427	24350.000	-69.992
427	24351.000	-69.993
427	24352.000	-69.993
427	24353.000	-69.994
427	24354.000	-69.995
427	24355.000	-69.995
427	24356.000	-69.996
427	24357.000	-69.996
427	24358.000	-69.996
427	24359.000	-69.997
427	24360.000	-69.997
427	24361.000	-69.997
427	24362.000	-69.998
427	24363.000	-69.998
427	24364.000	-69.998
427	24365.000	-69.998
427	24366.000	-69.998
427	24367.000	-69.997
427	24368.000	-69.948
427	24369.000	-69.879
427	24370.000	-69.818
427	24371.000	-69.776
427	24372.000	-69.751
427	24373.000	-69.740
427	24374.000	-69.741
427	24375.000	-69.748
427	24376.000	-69.761
427	24377.000	-69.775
427	24378.000	-69.792
427	24379.000	-69.808
427	24380.000	-69.824
427	24381.000	-69.839
427	24382.000	-69.853
427	24383.000	-69.867
427	24384.000	-69.879
427	24385.000	-69.890
427	24386.000	-69.901
427	24387.000	-69.910
427	24388.000	-69.918
427	24389.000	-69.926
427	24390.000	-69.933
427	24391.000	-69.939
427	24392.000	-69.945
427	24393.000	-69.950
427	24394.000	-69.955
427	24395.000	-69.959
427	24396.000	-69.963
427	24397.000	-69.967
427	24398.000	-69.970
427	24399.000	-69.973
427	24400.000	-69.975
427	24401.000	-69.978
427	24402.000	-69.980
427	24403.000	-69.982
427	24404.000	-69.983
427	24405.000	-69.985
427	24406.000	-69.986
427	24407.000	-69.988
427	24408.000	-69.989
427	24409.000	-69.990
427	24410.000	-69.991
427	24411.000	-69.992
427	24412.000	-69.993
427	24413.000	-69.993
427	24414.000	-69.994
427	24415.000	-69.995
427	24416.000	-69.995
427	24417.000	-69.996
427	24418.000	-69.996
427	24419.000	-69.996
427	24420.000	-69.997
427	24421.000	-69.997
427	24422.000	-69.997
427	24423.000	-69.998
427	24424.000	-69.998
427	24425.000	-69.998
427	24426.000	-69.998
427	24427.000	-69.998
427	24428.000	-69.999
427	24429.000	-69.967
427	24430.000	-69.899
427	24431.000	-69.835
427	24432.000	-69.786
427	24433.000	-69.756
427	24434.000	-69.742
427	24435.000	-69.740
427	24436.000	-69.745
427	24437.000	-69.757
427	24438.000	-69.771
427	24439.000	-69.787
427	24440.000	-69.803
427	24441.000	-69.819
427	24442.000	-69.835
427	24443.000	-69.849
427	24444.000	-69.863
427	24445.000	-69.875
427	24446.000	-69.887
427	24447.000	-69.898
427	24448.000	-69.907
427	24449.000	-69.916
427	24450.000	-69.924
427	24451.000	-69.931
427	24452.000	-69.938
427	24453.000	-69.944
427	24454.000	-69.949
427	24455.000	-69.954
427	24456.000	-69.958
427	24457.000	-69.962
427	24458.000	-69.966
427	24459.000	-69.969
427	24460.000	-69.972
427	24461.000	-69.975
427	24462.000	-69.977
427	24463.000	-69.979
427	24464.000	-69.981
427	24465.000	-69.983
427	24466.000	-69.985
427	24467.000	-69.986
427	24468.000	-69.987
427	24469.000	-69.989
427	24470.000	-69.990
427	24471.000	-69.991
427	24472.000	-69.992
427	24473.000	-69.992
427	24474.000	-69.993
427	24475.000	-69.994
427	24476.000	-69.994
427	24477.000	-69.995
427	24478.000	-69.995
427	24479.000	-69.996
427	24480.000	-69.996
427	24481.000	-69.997
427	24482.000	-69.997
427	24483.000	-69.997
427	24484.000	-69.997
427	24485.000	-69.998
427	24486.000	-69.998
427	24487.000	-69.998
427	24488.000	-69.998
427	24489.000	-69.998
427	24490.000	-69.983
427	24491.000	-69.920
427	24492.000	-69.853
427	24493.000	-69.799
427	24494.000	-69.764
427	24495.000	-69.745
427	24496.000	-69.739
427	24497.000	-69.743
427	24498.000	-69.753
427	24499.000	-69.766
427	24500.000	-69.782
427	24501.000	-69.798
427	24502.000	-69.814
427	24503.000	-69.830
427	24504.000	-69.845
427	24505.000	-69.859
427	24506.000	-69.872
427	24507.000	-69.884
427	24508.000	-69.895
427	24509.000	-69.904
427	24510.000	-69.913
427	24511.000	-69.922
427	24512.000	-69.929
427	24513.000	-69.936
427	24514.000	-69.942
427	24515.000	-69.947
427	24516.000	-69.952
427	24517.000	-69.957
427	24518.000	-69.961
427	24519.000	-69.965
427	24520.000	-69.968
427	24521.000	-69.971
427	24522.000	-69.974
427	24523.000	-69.976
427	24524.000	-69.979
427	24525.000	-69.981
427	24526.000	-69.982
427	24527.000	-69.984
427	24528.000	-69.986
427	24529.000	-69.987
427	24530.000	-69.988
427	24531.000	-69.989
427	24532.000	-69.990
427	24533.000	-69.991
427	24534.000	-69.992
427	24535.000	-69.993
427	24536.000	-69.994
427	24537.000	-69.994
427	24538.000	-69.995
427	24539.000	-69.995
427	24540.000	-69.996
427	24541.000	-69.996
427	24542.000	-69.996
427	24543.000	-69.997
427	24544.000	-69.997
427	24545.000	-69.997
427	24546.000	-69.998
427	24547.000	-69.998
427	24548.000	-69.998
427	24549.000	-69.998
427	24550.000	-69.998
427	24551.000	-69.994
427	24552.000	-69.941
427	24553.000	-69.872
427	24554.000	-69.813
427	24555.000	-69.772
427	24556.000	-69.749
427	24557.000	-69.740
427	24558.000	-69.741
427	24559.000	-69.749
427	24560.000	-69.762
427	24561.000	-69.777
427	24562.000	-69.793
427	24563.000	-69.810
427	24564.000	-69.825
427	24565.000	-69.841
427	24566.000	-69.855
427	24567.000	-69.868
427	24568.000	-69.880
427	24569.000	-69.891
427	24570.000	-69.902
427	24571.000	-69.911
427	24572.000	-69.919
427	24573.000	-69.927
427	24574.000	-69.934
427	24575.000	-69.940
427	24576.000	-69.946
427	24577.000	-69.951
427	24578.000	-69.956
427	24579.000	-69.960
427	24580.000	-69.964
427	24581.000	-69.967
427	24582.000	-69.970
427	24583.000	-69.973
427	24584.000	-69.976
427	24585.000	-69.978
427	24586.000	-69.980
427	24587.000	-69.982
427	24588.000	-69.984
427	24589.000	-69.985
427	24590.000	-69.987
427	24591.000	-69.988
427	24592.000	-69.989
427	24593.000	-69.990
427	24594.000	-69.991
427	24595.000	-69.992
427	24596.000	-69.993
427	24597.000	-69.993
427	24598.000	-69.994
427	24599.000	-69.995
427	24600.000	-69.995
427	24601.000	-69.996
427	24602.000	-69.996
427	24603.000	-69.996
427	24604.000	-69.997
427	24605.000	-69.997
427	24606.000	-69.997
427	24607.000	-69.998
427	24608.000	-69.998
427	24609.000	-69.998
427	24610.000	-69.998
427	24611.000	-69.998
427	24612.000	-69.999
427	24613.000	-69.961
427	24614.000	-69.892
427	24615.000	-69.829
427	24616.000	-69.783
427	24617.000	-69.754
427	24618.000	-69.741
427	24619.000	-69.740
427	24620.000	-69.746
427	24621.000	-69.758
427	24622.000	-69.772
427	24623.000	-69.788
427	24624.000	-69.805
427	24625.000	-69.821
427	24626.000	-69.836
427	24627.000	-69.851
427	24628.000	-69.864
427	24629.000	-69.877
427	24630.000	-69.888
427	24631.000	-69.899
427	24632.000	-69.908
427	24633.000	-69.917
427	24634.000	-69.925
427	24635.000	-69.932
427	24636.000	-69.938
427	24637.000	-69.944
427	24638.000	-69.949
427	24639.000	-69.954
427	24640.000	-69.959
427	24641.000	-69.963
427	24642.000	-69.966
427	24643.000	-69.969
427	24644.000	-69.972
427	24645.000	-69.975
427	24646.000	-69.977
427	24647.000	-69.979
427	24648.000	-69.981
427	24649.000	-69.983
427	24650.000	-69.985
427	24651.000	-69.986
427	24652.000	-69.988
427	24653.000	-69.989
427	24654.000	-69.990
427	24655.000	-69.991
427	24656.000	-69.992
427	24657.000	-69.992
427	24658.000	-69.993
427	24659.000	-69.994
427	24660.000	-69.994
427	24661.000	-69.995
427	24662.000	-69.995
427	24663.000	-69.996
427	24664.000	-69.996
427	24665.000	-69.997
427	24666.000	-69.997
427	24667.000	-69.997
427	24668.000	-69.997
427	24669.000	-69.998
427	24670.000	-69.998
427	24671.000	-69.998
427	24672.000	-69.998
427	24673.000	-69.998
427	24674.000	-69.978
427	24675.000	-69.913
427	24676.000	-69.847
427	24677.000	-69.795
427	24678.000	-69.761
427	24679.000	-69.744
427	24680.000	-69.739
427	24681.000	-69.744
427	24682.000	-69.754
427	24683.000	-69.768
427	24684.000	-69.783
427	24685.000	-69.800
427	24686.000	-69.816
427	24687.000	-69.832
427	24688.000	-69.846
427	24689.000	-69.860
427	24690.000	-69.873
427	24691.000	-69.885
427	24692.000	-69.896
427	24693.000	-69.905
427	24694.000	-69.914
427	24695.000	-69.922
427	24696.000	-69.930
427	24697.000	-69.936
427	24698.000	-69.942
427	24699.000	-69.948
427	24700.000	-69.953
427	24701.000	-69.957
427	24702.000	-69.961
427	24703.000	-69.965
427	24704.000	-69.968
427	24705.000	-69.971
427	24706.000	-69.974
427	24707.000	-69.977
427	24708.000	-69.979
427	24709.000	-69.981
427	24710.000	-69.983
427	24711.000	-69.984
427	24712.000	-69.986
427	24713.000	-69.987
427	24714.000	-69.988
427	24715.000	-69.989
427	24716.000	-69.990
427	24717.000	-69.991
427	24718.000	-69.992
427	24719.000	-69.993
427	24720.000	-69.994
427	24721.000	-69.994
427	24722.000	-69.995
427	24723.000	-69.995
427	24724.000	-69.996
427	24725.000	-69.996
427	24726.000	-69.996
427	24727.000	-69.997
427	24728.000	-69.997
427	24729.000	-69.997
427	24730.000	-69.998
427	24731.000	-69.998
427	24732.000	-69.998
427	24733.000	-69.998
427	24734.000	-69.998
427	24735.000	-69.991
427	24736.000	-69.934
427	24737.000	-69.865
427	24738.000	-69.808
427	24739.000	-69.769
427	24740.000	-69.747
427	24741.000	-69.740
427	24742.000	-69.742
427	24743.000	-69.750
427	24744.000	-69.763
427	24745.000	-69.779
427	24746.000	-69.795
427	24747.000	-69.811
427	24748.000	-69.827
427	24749.000	-69.842
427	24750.000	-69.856
427	24751.000	-69.869
427	24752.000	-69.881
427	24753.000	-69.892
427	24754.000	-69.902
427	24755.000	-69.912
427	24756.000	-69.920
427	24757.000	-69.928
427	24758.000	-69.934
427	24759.000	-69.941
427	24760.000	-69.946
427	24761.000	-69.951
427	24762.000	-69.956
427	24763.000	-69.960
427	24764.000	-69.964
427	24765.000	-69.967
427	24766.000	-69.971
427	24767.000	-69.973
427	24768.000	-69.976
427	24769.000	-69.978
427	24770.000	-69.980
427	24771.000	-69.982
427	24772.000	-69.984
427	24773.000	-69.985
427	24774.000	-69.987
427	24775.000	-69.988
427	24776.000	-69.989
427	24777.000	-69.990
427	24778.000	-69.991
427	24779.000	-69.992
427	24780.000	-69.993
427	24781.000	-69.993
427	24782.000	-69.994
427	24783.000	-69.995
427	24784.000	-69.995
427	24785.000	-69.996
427	24786.000	-69.996
427	24787.000	-69.996
427	24788.000	-69.997
427	24789.000	-69.997
427	24790.000	-69.997
427	24791.000	-69.998
427	24792.000	-69.998
427	24793.000	-69.998
427	24794.000	-69.998
427	24795.000	-69.998
427	24796.000	-69.998
427	24797.000	-69.954
427	24798.000	-69.886
427	24799.000	-69.824
427	24800.000	-69.779
427	24801.000	-69.752
427	24802.000	-69.741
427	24803.000	-69.740
427	24804.000	-69.747
427	24805.000	-69.759
427	24806.000	-69.774
427	24807.000	-69.790
427	24808.000	-69.806
427	24809.000	-69.822
427	24810.000	-69.838
427	24811.000	-69.852
427	24812.000	-69.865
427	24813.000	-69.878
427	24814.000	-69.889
427	24815.000	-69.900
427	24816.000	-69.909
427	24817.000	-69.918
427	24818.000	-69.925
427	24819.000	-69.932
427	24820.000	-69.939
427	24821.000	-69.945
427	24822.000	-69.950
427	24823.000	-69.955
427	24824.000	-69.959
427	24825.000	-69.963
427	24826.000	-69.966
427	24827.000	-69.970
427	24828.000	-69.973
427	24829.000	-69.975
427	24830.000	-69.977
427	24831.000	-69.980
427	24832.000	-69.982
427	24833.000	-69.983
427	24834.000	-69.985
427	24835.000	-69.986
427	24836.000	-69.988
427	24837.000	-69.989
427	24838.000	-69.990
427	24839.000	-69.991
427	24840.000	-69.992
427	24841.000	-69.993
427	24842.000	-69.993
427	24843.000	-69.994
427	24844.000	-69.994
427	24845.000	-69.995
427	24846.000	-69.995
427	24847.000	-69.996
427	24848.000	-69.996
427	24849.000	-69.997
427	24850.000	-69.997
427	24851.000	-69.997
427	24852.000	-69.998
427	24853.000	-69.998
427	24854.000	-69.998
427	24855.000	-69.998
427	24856.000	-69.998
427	24857.000	-69.998
427	24858.000	-69.973
427	24859.000	-69.906
427	24860.000	-69.841
427	24861.000	-69.790
427	24862.000	-69.759
427	24863.000	-69.743
427	24864.000	-69.739
427	24865.000	-69.744
427	24866.000	-69.755
427	24867.000	-69.769
427	24868.000	-69.785
427	24869.000	-69.801
427	24870.000	-69.818
427	24871.000	-69.833
427	24872.000	-69.848
427	24873.000	-69.862
427	24874.000	-69.874
427	24875.000	-69.886
427	24876.000	-69.897
427	24877.000	-69.906
427	24878.000	-69.915
427	24879.000	-69.923
427	24880.000	-69.930
427	24881.000	-69.937
427	24882.000	-69.943
427	24883.000	-69.948
427	24884.000	-69.953
427	24885.000	-69.958
427	24886.000	-69.962
427	24887.000	-69.965
427	24888.000	-69.969
427	24889.000	-69.972
427	24890.000	-69.974
427	24891.000	-69.977
427	24892.000	-69.979
427	24893.000	-69.981
427	24894.000	-69.983
427	24895.000	-69.984
427	24896.000	-69.986
427	24897.000	-69.987
427	24898.000	-69.988
427	24899.000	-69.990
427	24900.000	-69.991
427	24901.000	-69.991
427	24902.000	-69.992
427	24903.000	-69.993
427	24904.000	-69.994
427	24905.000	-69.994
427	24906.000	-69.995
427	24907.000	-69.995
427	24908.000	-69.996
427	24909.000	-69.996
427	24910.000	-69.997
427	24911.000	-69.997
427	24912.000	-69.997
427	24913.000	-69.997
427	24914.000	-69.998
427	24915.000	-69.998
427	24916.000	-69.998
427	24917.000	-69.998
427	24918.000	-69.998
427	24919.000	-69.987
427	24920.000	-69.927
427	24921.000	-69.859
427	24922.000	-69.803
427	24923.000	-69.766
427	24924.000	-69.746
427	24925.000	-69.739
427	24926.000	-69.742
427	24927.000	-69.752
427	24928.000	-69.765
427	24929.000	-69.780
427	24930.000	-69.796
427	24931.000	-69.813
427	24932.000	-69.829
427	24933.000	-69.844
427	24934.000	-69.858
427	24935.000	-69.871
427	24936.000	-69.883
427	24937.000	-69.893
427	24938.000	-69.903
427	24939.000	-69.913
427	24940.000	-69.921
427	24941.000	-69.928
427	24942.000	-69.935
427	24943.000	-69.941
427	24944.000	-69.947
427	24945.000	-69.952
427	24946.000	-69.956
427	24947.000	-69.961
427	24948.000	-69.964
427	24949.000	-69.968
427	24950.000	-69.971
427	24951.000	-69.974
427	24952.000	-69.976
427	24953.000	-69.978
427	24954.000	-69.980
427	24955.000	-69.982
427	24956.000	-69.984
427	24957.000	-69.986
427	24958.000	-69.987
427	24959.000	-69.988
427	24960.000	-69.989
427	24961.000	-69.990
427	24962.000	-69.991
427	24963.000	-69.992
427	24964.000	-69.993
427	24965.000	-69.993
427	24966.000	-69.994
427	24967.000	-69.995
427	24968.000	-69.995
427	24969.000	-69.996
427	24970.000	-69.996
427	24971.000	-69.996
427	24972.000	-69.997
427	24973.000	-69.997
427	24974.000	-69.997
427	24975.000	-69.998
427	24976.000	-69.998
427	24977.000	-69.998
427	24978.000	-69.998
427	24979.000	-69.998
427	24980.000	-69.997
427	24981.000	-69.948
427	24982.000	-69.879
427	24983.000	-69.818
427	24984.000	-69.776
427	24985.000	-69.751
427	24986.000	-69.740
427	24987.000	-69.741
427	24988.000	-69.748
427	24989.000	-69.761
427	24990.000	-69.775
427	24991.000	-69.792
427	24992.000	-69.808
427	24993.000	-69.824
427	24994.000	-69.839
427	24995.000	-69.853
427	24996.000	-69.867
427	24997.000	-69.879
427	24998.000	-69.890
427	24999.000	-69.901
427	25000.000	-69.910
427	25001.000	-69.918
427	25002.000	-69.926
427	25003.000	-69.933
427	25004.000	-69.939
427	25005.000	-69.945
427	25006.000	-69.950
427	25007.000	-69.955
427	25008.000	-69.959
427	25009.000	-69.963
427	25010.000	-69.967
427	25011.000	-69.970
427	25012.000	-69.973
427	25013.000	-69.975
427	25014.000	-69.978
427	25015.000	-69.980
427	25016.000	-69.982
427	25017.000	-69.983
427	25018.000	-69.985
427	25019.000	-69.986
427	25020.000	-69.988
427	25021.000	-69.989
427	25022.000	-69.990
427	25023.000	-69.991
427	25024.000	-69.992
427	25025.000	-69.993
427	25026.000	-69.993
427	25027.000	-69.994
427	25028.000	-69.995
427	25029.000	-69.995
427	25030.000	-69.996
427	25031.000	-69.996
427	25032.000	-69.996
427	25033.000	-69.997
427	25034.000	-69.997
427	25035.000	-69.997
427	25036.000	-69.998
427	25037.000	-69.998
427	25038.000	-69.998
427	25039.000	-69.998
427	25040.000	-69.998
427	25041.000	-69.999
427	25042.000	-69.967
427	25043.000	-69.899
427	25044.000	-69.835
427	25045.000	-69.786
427	25046.000	-69.756
427	25047.000	-69.742
427	25048.000	-69.740
427	25049.000	-69.745
427	25050.000	-69.757
427	25051.000	-69.771
427	25052.000	-69.787
427	25053.000	-69.803
427	25054.000	-69.819
427	25055.000	-69.835
427	25056.000	-69.849
427	25057.000	-69.863
427	25058.000	-69.875
427	25059.000	-69.887
427	25060.000	-69.898
427	25061.000	-69.907
427	25062.000	-69.916
427	25063.000	-69.924
427	25064.000	-69.931
427	25065.000	-69.938
427	25066.000	-69.944
427	25067.000	-69.949
427	25068.000	-69.954
427	25069.000	-69.958
427	25070.000	-69.962
427	25071.000	-69.966
427	25072.000	-69.969
427	25073.000	-69.972
427	25074.000	-69.975
427	25075.000	-69.977
427	25076.000	-69.979
427	25077.000	-69.981
427	25078.000	-69.983
427	25079.000	-69.985
427	25080.000	-69.986
427	25081.000	-69.987
427	25082.000	-69.989
427	25083.000	-69.990
427	25084.000	-69.991
427	25085.000	-69.992
427	25086.000	-69.992
427	25087.000	-69.993
427	25088.000	-69.994
427	25089.000	-69.994
427	25090.000	-69.995
427	25091.000	-69.995
427	25092.000	-69.996
427	25093.000	-69.996
427	25094.000	-69.997
427	25095.000	-69.997
427	25096.000	-69.997
427	25097.000	-69.997
427	25098.000	-69.998
427	25099.000	-69.998
427	25100.000	-69.998
427	25101.000	-69.998
427	25102.000	-69.998
427	25103.000	-69.983
427	25104.000	-69.920
427	25105.000	-69.853
427	25106.000	-69.799
427	25107.000	-69.764
427	25108.000	-69.745
427	25109.000	-69.739
427	25110.000	-69.743
427	25111.000	-69.753
427	25112.000	-69.766
427	25113.000	-69.782
427	25114.000	-69.798
427	25115.000	-69.814
427	25116.000	-69.830
427	25117.000	-69.845
427	25118.000	-69.859
427	25119.000	-69.872
427	25120.000	-69.884
427	25121.000	-69.895
427	25122.000	-69.904
427	25123.000	-69.913
427	25124.000	-69.922
427	25125.000	-69.929
427	25126.000	-69.936
427	25127.000	-69.942
427	25128.000	-69.947
427	25129.000	-69.952
427	25130.000	-69.957
427	25131.000	-69.961
427	25132.000	-69.965
427	25133.000	-69.968
427	25134.000	-69.971
427	25135.000	-69.974
427	25136.000	-69.976
427	25137.000	-69.979
427	25138.000	-69.981
427	25139.000	-69.982
427	25140.000	-69.984
427	25141.000	-69.986
427	25142.000	-69.987
427	25143.000	-69.988
427	25144.000	-69.989
427	25145.000	-69.990
427	25146.000	-69.991
427	25147.000	-69.992
427	25148.000	-69.993
427	25149.000	-69.994
427	25150.000	-69.994
427	25151.000	-69.995
427	25152.000	-69.995
427	25153.000	-69.996
427	25154.000	-69.996
427	25155.000	-69.996
427	25156.000	-69.997
427	25157.000	-69.997
427	25158.000	-69.997
427	25159.000	-69.998
427	25160.000	-69.998
427	25161.000	-69.998
427	25162.000	-69.998
427	25163.000	-69.998
427	25164.000	-69.994
427	25165.000	-69.941
427	25166.000	-69.872
427	25167.000	-69.813
427	25168.000	-69.772
427	25169.000	-69.749
427	25170.000	-69.740
427	25171.000	-69.741
427	25172.000	-69.749
427	25173.000	-69.762
427	25174.000	-69.777
427	25175.000	-69.793
427	25176.000	-69.810
427	25177.000	-69.825
427	25178.000	-69.841
427	25179.000	-69.855
427	25180.000	-69.868
427	25181.000	-69.880
427	25182.000	-69.891
427	25183.000	-69.902
427	25184.000	-69.911
427	25185.000	-69.919
427	25186.000	-69.927
427	25187.000	-69.934
427	25188.000	-69.940
427	25189.000	-69.946
427	25190.000	-69.951
427	25191.000	-69.956
427	25192.000	-69.960
427	25193.000	-69.964
427	25194.000	-69.967
427	25195.000	-69.970
427	25196.000	-69.973
427	25197.000	-69.976
427	25198.000	-69.978
427	25199.000	-69.980
427	25200.000	-69.982
427	25201.000	-69.984
427	25202.000	-69.985
427	25203.000	-69.987
427	25204.000	-69.988
427	25205.000	-69.989
427	25206.000	-69.990
427	25207.000	-69.991
427	25208.000	-69.992
427	25209.000	-69.993
427	25210.000	-69.993
427	25211.000	-69.994
427	25212.000	-69.995
427	25213.000	-69.995
427	25214.000	-69.996
427	25215.000	-69.996
427	25216.000	-69.996
427	25217.000	-69.997
427	25218.000	-69.997
427	25219.000	-69.997
427	25220.000	-69.998
427	25221.000	-69.998
427	25222.000	-69.998
427	25223.000	-69.998
427	25224.000	-69.998
427	25225.000	-69.999
427	25226.000	-69.961
427	25227.000	-69.892
427	25228.000	-69.829
427	25229.000	-69.783
427	25230.000	-69.754
427	25231.000	-69.741
427	25232.000	-69.740
427	25233.000	-69.746
427	25234.000	-69.758
427	25235.000	-69.772
427	25236.000	-69.788
427	25237.000	-69.805
427	25238.000	-69.821
427	25239.000	-69.836
427	25240.000	-69.851
427	25241.000	-69.864
427	25242.000	-69.877
427	25243.000	-69.888
427	25244.000	-69.899
427	25245.000	-69.908
427	25246.000	-69.917
427	25247.000	-69.925
427	25248.000	-69.932
427	25249.000	-69.938
427	25250.000	-69.944
427	25251.000	-69.949
427	25252.000	-69.954
427	25253.000	-69.959
427	25254.000	-69.963
427	25255.000	-69.966
427	25256.000	-69.969
427	25257.000	-69.972
427	25258.000	-69.975
427	25259.000	-69.977
427	25260.000	-69.979
427	25261.000	-69.981
427	25262.000	-69.983
427	25263.000	-69.985
427	25264.000	-69.986
427	25265.000	-69.988
427	25266.000	-69.989
427	25267.000	-69.990
427	25268.000	-69.991
427	25269.000	-69.992
427	25270.000	-69.992
427	25271.000	-69.993
427	25272.000	-69.994
427	25273.000	-69.994
427	25274.000	-69.995
427	25275.000	-69.995
427	25276.000	-69.996
427	25277.000	-69.996
427	25278.000	-69.997
427	25279.000	-69.997
427	25280.000	-69.997
427	25281.000	-69.997
427	25282.000	-69.998
427	25283.000	-69.998
427	25284.000	-69.998
427	25285.000	-69.998
427	25286.000	-69.998
427	25287.000	-69.978
427	25288.000	-69.913
427	25289.000	-69.847
427	25290.000	-69.795
427	25291.000	-69.761
427	25292.000	-69.744
427	25293.000	-69.739
427	25294.000	-69.744
427	25295.000	-69.754
427	25296.000	-69.768
427	25297.000	-69.783
427	25298.000	-69.800
427	25299.000	-69.816
427	25300.000	-69.832
427	25301.000	-69.846
427	25302.000	-69.860
427	25303.000	-69.873
427	25304.000	-69.885
427	25305.000	-69.896
427	25306.000	-69.905
427	25307.000	-69.914
427	25308.000	-69.922
427	25309.000	-69.930
427	25310.000	-69.936
427	25311.000	-69.942
427	25312.000	-69.948
427	25313.000	-69.953
427	25314.000	-69.957
427	25315.000	-69.961
427	25316.000	-69.965
427	25317.000	-69.968
427	25318.000	-69.971
427	25319.000	-69.974
427	25320.000	-69.977
427	25321.000	-69.979
427	25322.000	-69.981
427	25323.000	-69.983
427	25324.000	-69.984
427	25325.000	-69.986
427	25326.000	-69.987
427	25327.000	-69.988
427	25328.000	-69.989
427	25329.000	-69.990
427	25330.000	-69.991
427	25331.000	-69.992
427	25332.000	-69.993
427	25333.000	-69.994
427	25334.000	-69.994
427	25335.000	-69.995
427	25336.000	-69.995
427	25337.000	-69.996
427	25338.000	-69.996
427	25339.000	-69.996
427	25340.000	-69.997
427	25341.000	-69.997
427	25342.000	-69.997
427	25343.000	-69.998
427	25344.000	-69.998
427	25345.000	-69.998
427	25346.000	-69.998
427	25347.000	-69.998
427	25348.000	-69.991
427	25349.000	-69.934
427	25350.000	-69.865
427	25351.000	-69.808
427	25352.000	-69.769
427	25353.000	-69.747
427	25354.000	-69.740
427	25355.000	-69.742
427	25356.000	-69.750
427	25357.000	-69.763
427	25358.000	-69.779
427	25359.000	-69.795
427	25360.000	-69.811
427	25361.000	-69.827
427	25362.000	-69.842
427	25363.000	-69.856
427	25364.000	-69.869
427	25365.000	-69.881
427	25366.000	-69.892
427	25367.000	-69.902
427	25368.000	-69.912
427	25369.000	-69.920
427	25370.000	-69.928
427	25371.000	-69.934
427	25372.000	-69.941
427	25373.000	-69.946
427	25374.000	-69.951
427	25375.000	-69.956
427	25376.000	-69.960
427	25377.000	-69.964
427	25378.000	-69.967
427	25379.000	-69.971
427	25380.000	-69.973
427	25381.000	-69.976
427	25382.000	-69.978
427	25383.000	-69.980
427	25384.000	-69.982
427	25385.000	-69.984
427	25386.000	-69.985
427	25387.000	-69.987
427	25388.000	-69.988
427	25389.000	-69.989
427	25390.000	-69.990
427	25391.000	-69.991
427	25392.000	-69.992
427	25393.000	-69.993
427	25394.000	-69.993
427	25395.000	-69.994
427	25396.000	-69.995
427	25397.000	-69.995
427	25398.000	-69.996
427	25399.000	-69.996
427	25400.000	-69.996
427	25401.000	-69.997
427	25402.000	-69.997
427	25403.000	-69.997
427	25404.000	-69.998
427	25405.000	-69.998
427	25406.000	-69.998
427	25407.000	-69.998
427	25408.000	-69.998
427	25409.000	-69.998
427	25410.000	-69.954
427	25411.000	-69.886
427	25412.000	-69.824
427	25413.000	-69.779
427	25414.000	-69.752
427	25415.000	-69.741
427	25416.000	-69.740
427	25417.000	-69.747
427	25418.000	-69.759
427	25419.000	-69.774
427	25420.000	-69.790
427	25421.000	-69.806
427	25422.000	-69.822
427	25423.000	-69.838
427	25424.000	-69.852
427	25425.000	-69.865
427	25426.000	-69.878
427	25427.000	-69.889
427	25428.000	-69.900
427	25429.000	-69.909
427	25430.000	-69.918
427	25431.000	-69.925
427	25432.000	-69.932
427	25433.000	-69.939
427	25434.000	-69.945
427	25435.000	-69.950
427	25436.000	-69.955
427	25437.000	-69.959
427	25438.000	-69.963
427	25439.000	-69.966
427	25440.000	-69.970
427	25441.000	-69.973
427	25442.000	-69.975
427	25443.000	-69.977
427	25444.000	-69.980
427	25445.000	-69.982
427	25446.000	-69.983
427	25447.000	-69.985
427	25448.000	-69.986
427	25449.000	-69.988
427	25450.000	-69.989
427	25451.000	-69.990
427	25452.000	-69.991
427	25453.000	-69.992
427	25454.000	-69.993
427	25455.000	-69.993
427	25456.000	-69.994
427	25457.000	-69.994
427	25458.000	-69.995
427	25459.000	-69.995
427	25460.000	-69.996
427	25461.000	-69.996
427	25462.000	-69.997
427	25463.000	-69.997
427	25464.000	-69.997
427	25465.000	-69.998
427	25466.000	-69.998
427	25467.000	-69.998
427	25468.000	-69.998
427	25469.000	-69.998
427	25470.000	-69.998
427	25471.000	-69.973
427	25472.000	-69.906
427	25473.000	-69.841
427	25474.000	-69.790
427	25475.000	-69.759
427	25476.000	-69.743
427	25477.000	-69.739
427	25478.000	-69.744
427	25479.000	-69.755
427	25480.000	-69.769
427	25481.000	-69.785
427	25482.000	-69.801
427	25483.000	-69.818
427	25484.000	-69.833
427	25485.000	-69.848
427	25486.000	-69.862
427	25487.000	-69.874
427	25488.000	-69.886
427	25489.000	-69.897
427	25490.000	-69.906
427	25491.000	-69.915
427	25492.000	-69.923
427	25493.000	-69.930
427	25494.000	-69.937
427	25495.000	-69.943
427	25496.000	-69.948
427	25497.000	-69.953
427	25498.000	-69.958
427	25499.000	-69.962
427	25500.000	-69.965
427	25501.000	-69.969
427	25502.000	-69.972
427	25503.000	-69.974
427	25504.000	-69.977
427	25505.000	-69.979
427	25506.000	-69.981
427	25507.000	-69.983
427	25508.000	-69.984
427	25509.000	-69.986
427	25510.000	-69.987
427	25511.000	-69.988
427	25512.000	-69.990
427	25513.000	-69.991
427	25514.000	-69.991
427	25515.000	-69.992
427	25516.000	-69.993
427	25517.000	-69.994
427	25518.000	-69.994
427	25519.000	-69.995
427	25520.000	-69.995
427	25521.000	-69.996
427	25522.000	-69.996
427	25523.000	-69.997
427	25524.000	-69.997
427	25525.000	-69.997
427	25526.000	-69.997
427	25527.000	-69.998
427	25528.000	-69.998
427	25529.000	-69.998
427	25530.000	-69.998
427	25531.000	-69.998
427	25532.000	-69.987
427	25533.000	-69.927
427	25534.000	-69.859
427	25535.000	-69.803
427	25536.000	-69.766
427	25537.000	-69.746
427	25538.000	-69.739
427	25539.000	-69.742
427	25540.000	-69.752
427	25541.000	-69.765
427	25542.000	-69.780
427	25543.000	-69.796
427	25544.000	-69.813
427	25545.000	-69.829
427	25546.000	-69.844
427	25547.000	-69.858
427	25548.000	-69.871
427	25549.000	-69.883
427	25550.000	-69.893
427	25551.000	-69.903
427	25552.000	-69.913
427	25553.000	-69.921
427	25554.000	-69.928
427	25555.000	-69.935
427	25556.000	-69.941
427	25557.000	-69.947
427	25558.000	-69.952
427	25559.000	-69.956
427	25560.000	-69.961
427	25561.000	-69.964
427	25562.000	-69.968
427	25563.000	-69.971
427	25564.000	-69.974
427	25565.000	-69.976
427	25566.000	-69.978
427	25567.000	-69.980
427	25568.000	-69.982
427	25569.000	-69.984
427	25570.000	-69.986
427	25571.000	-69.987
427	25572.000	-69.988
427	25573.000	-69.989
427	25574.000	-69.990
427	25575.000	-69.991
427	25576.000	-69.992
427	25577.000	-69.993
427	25578.000	-69.993
427	25579.000	-69.994
427	25580.000	-69.995
427	25581.000	-69.995
427	25582.000	-69.996
427	25583.000	-69.996
427	25584.000	-69.996
427	25585.000	-69.997
427	25586.000	-69.997
427	25587.000	-69.997
427	25588.000	-69.998
427	25589.000	-69.998
427	25590.000	-69.998
427	25591.000	-69.998
427	25592.000	-69.998
427	25593.000	-69.997
427	25594.000	-69.948
427	25595.000	-69.879
427	25596.000	-69.818
427	25597.000	-69.776
427	25598.000	-69.751
427	25599.000	-69.740
427	25600.000	-69.741
427	25601.000	-69.748
427	25602.000	-69.761
427	25603.000	-69.775
427	25604.000	-69.792
427	25605.000	-69.808
427	25606.000	-69.824
427	25607.000	-69.839
427	25608.000	-69.853
427	25609.000	-69.867
427	25610.000	-69.879
427	25611.000	-69.890
427	25612.000	-69.901
427	25613.000	-69.910
427	25614.000	-69.918
427	25615.000	-69.926
427	25616.000	-69.933
427	25617.000	-69.939
427	25618.000	-69.945
427	25619.000	-69.950
427	25620.000	-69.955
427	25621.000	-69.959
427	25622.000	-69.963
427	25623.000	-69.967
427	25624.000	-69.970
427	25625.000	-69.973
427	25626.000	-69.975
427	25627.000	-69.978
427	25628.000	-69.980
427	25629.000	-69.982
427	25630.000	-69.983
427	25631.000	-69.985
427	25632.000	-69.986
427	25633.000	-69.988
427	25634.000	-69.989
427	25635.000	-69.990
427	25636.000	-69.991
427	25637.000	-69.992
427	25638.000	-69.993
427	25639.000	-69.993
427	25640.000	-69.994
427	25641.000	-69.995
427	25642.000	-69.995
427	25643.000	-69.996
427	25644.000	-69.996
427	25645.000	-69.996
427	25646.000	-69.997
427	25647.000	-69.997
427	25648.000	-69.997
427	25649.000	-69.998
427	25650.000	-69.998
427	25651.000	-69.998
427	25652.000	-69.998
427	25653.000	-69.998
427	25654.000	-69.999
427	25655.000	-69.967
427	25656.000	-69.899
427	25657.000	-69.835
427	25658.000	-69.786
427	25659.000	-69.756
427	25660.000	-69.742
427	25661.000	-69.740
427	25662.000	-69.745
427	25663.000	-69.757
427	25664.000	-69.771
427	25665.000	-69.787
427	25666.000	-69.803
427	25667.000	-69.819
427	25668.000	-69.835
427	25669.000	-69.849
427	25670.000	-69.863
427	25671.000	-69.875
427	25672.000	-69.887
427	25673.000	-69.898
427	25674.000	-69.907
427	25675.000	-69.916
427	25676.000	-69.924
427	25677.000	-69.931
427	25678.000	-69.938
427	25679.000	-69.944
427	25680.000	-69.949
427	25681.000	-69.954
427	25682.000	-69.958
427	25683.000	-69.962
427	25684.000	-69.966
427	25685.000	-69.969
427	25686.000	-69.972
427	25687.000	-69.975
427	25688.000	-69.977
427	25689.000	-69.979
427	25690.000	-69.981
427	25691.000	-69.983
427	25692.000	-69.985
427	25693.000	-69.986
427	25694.000	-69.987
427	25695.000	-69.989
427	25696.000	-69.990
427	25697.000	-69.991
427	25698.000	-69.992
427	25699.000	-69.992
427	25700.000	-69.993
427	25701.000	-69.994
427	25702.000	-69.994
427	25703.000	-69.995
427	25704.000	-69.995
427	25705.000	-69.996
427	25706.000	-69.996
427	25707.000	-69.997
427	25708.000	-69.997
427	25709.000	-69.997
427	25710.000	-69.997
427	25711.000	-69.998
427	25712.000	-69.998
427	25713.000	-69.998
427	25714.000	-69.998
427	25715.000	-69.998
427	25716.000	-69.983
427	25717.000	-69.920
427	25718.000	-69.853
427	25719.000	-69.799
427	25720.000	-69.764
427	25721.000	-69.745
427	25722.000	-69.739
427	25723.000	-69.743
427	25724.000	-69.753
427	25725.000	-69.766
427	25726.000	-69.782
427	25727.000	-69.798
427	25728.000	-69.814
427	25729.000	-69.830
427	25730.000	-69.845
427	25731.000	-69.859
427	25732.000	-69.872
427	25733.000	-69.884
427	25734.000	-69.895
427	25735.000	-69.904
427	25736.000	-69.913
427	25737.000	-69.922
427	25738.000	-69.929
427	25739.000	-69.936
427	25740.000	-69.942
427	25741.000	-69.947
427	25742.000	-69.952
427	25743.000	-69.957
427	25744.000	-69.961
427	25745.000	-69.965
427	25746.000	-69.968
427	25747.000	-69.971
427	25748.000	-69.974
427	25749.000	-69.976
427	25750.000	-69.979
427	25751.000	-69.981
427	25752.000	-69.982
427	25753.000	-69.984
427	25754.000	-69.986
427	25755.000	-69.987
427	25756.000	-69.988
427	25757.000	-69.989
427	25758.000	-69.990
427	25759.000	-69.991
427	25760.000	-69.992
427	25761.000	-69.993
427	25762.000	-69.994
427	25763.000	-69.994
427	25764.000	-69.995
427	25765.000	-69.995
427	25766.000	-69.996
427	25767.000	-69.996
427	25768.000	-69.996
427	25769.000	-69.997
427	25770.000	-69.997
427	25771.000	-69.997
427	25772.000	-69.998
427	25773.000	-69.998
427	25774.000	-69.998
427	25775.000	-69.998
427	25776.000	-69.998
427	25777.000	-69.994
427	25778.000	-69.941
427	25779.000	-69.872
427	25780.000	-69.813
427	25781.000	-69.772
427	25782.000	-69.749
427	25783.000	-69.740
427	25784.000	-69.741
427	25785.000	-69.749
427	25786.000	-69.762
427	25787.000	-69.777
427	25788.000	-69.793
427	25789.000	-69.810
427	25790.000	-69.825
427	25791.000	-69.841
427	25792.000	-69.855
427	25793.000	-69.868
427	25794.000	-69.880
427	25795.000	-69.891
427	25796.000	-69.902
427	25797.000	-69.911
427	25798.000	-69.919
427	25799.000	-69.927
427	25800.000	-69.934
427	25801.000	-69.940
427	25802.000	-69.946
427	25803.000	-69.951
427	25804.000	-69.956
427	25805.000	-69.960
427	25806.000	-69.964
427	25807.000	-69.967
427	25808.000	-69.970
427	25809.000	-69.973
427	25810.000	-69.976
427	25811.000	-69.978
427	25812.000	-69.980
427	25813.000	-69.982
427	25814.000	-69.984
427	25815.000	-69.985
427	25816.000	-69.987
427	25817.000	-69.988
427	25818.000	-69.989
427	25819.000	-69.990
427	25820.000	-69.991
427	25821.000	-69.992
427	25822.000	-69.993
427	25823.000	-69.993
427	25824.000	-69.994
427	25825.000	-69.995
427	25826.000	-69.995
427	25827.000	-69.996
427	25828.000	-69.996
427	25829.000	-69.996
427	25830.000	-69.997
427	25831.000	-69.997
427	25832.000	-69.997
427	25833.000	-69.998
427	25834.000	-69.998
427	25835.000	-69.998
427	25836.000	-69.998
427	25837.000	-69.998
427	25838.000	-69.999
427	25839.000	-69.961
427	25840.000	-69.892
427	25841.000	-69.829
427	25842.000	-69.783
427	25843.000	-69.754
427	25844.000	-69.741
427	25845.000	-69.740
427	25846.000	-69.746
427	25847.000	-69.758
427	25848.000	-69.772
427	25849.000	-69.788
427	25850.000	-69.805
427	25851.000	-69.821
427	25852.000	-69.836
427	25853.000	-69.851
427	25854.000	-69.864
427	25855.000	-69.877
427	25856.000	-69.888
427	25857.000	-69.899
427	25858.000	-69.908
427	25859.000	-69.917
427	25860.000	-69.925
427	25861.000	-69.932
427	25862.000	-69.938
427	25863.000	-69.944
427	25864.000	-69.949
427	25865.000	-69.954
427	25866.000	-69.959
427	25867.000	-69.963
427	25868.000	-69.966
427	25869.000	-69.969
427	25870.000	-69.972
427	25871.000	-69.975
427	25872.000	-69.977
427	25873.000	-69.979
427	25874.000	-69.981
427	25875.000	-69.983
427	25876.000	-69.985
427	25877.000	-69.986
427	25878.000	-69.988
427	25879.000	-69.989
427	25880.000	-69.990
427	25881.000	-69.991
427	25882.000	-69.992
427	25883.000	-69.992
427	25884.000	-69.993
427	25885.000	-69.994
427	25886.000	-69.994
427	25887.000	-69.995
427	25888.000	-69.995
427	25889.000	-69.996
427	25890.000	-69.996
427	25891.000	-69.997
427	25892.000	-69.997
427	25893.000	-69.997
427	25894.000	-69.997
427	25895.000	-69.998
427	25896.000	-69.998
427	25897.000	-69.998
427	25898.000	-69.998
427	25899.000	-69.998
427	25900.000	-69.978
427	25901.000	-69.913
427	25902.000	-69.847
427	25903.000	-69.795
427	25904.000	-69.761
427	25905.000	-69.744
427	25906.000	-69.739
427	25907.000	-69.744
427	25908.000	-69.754
427	25909.000	-69.768
427	25910.000	-69.783
427	25911.000	-69.800
427	25912.000	-69.816
427	25913.000	-69.832
427	25914.000	-69.846
427	25915.000	-69.860
427	25916.000	-69.873
427	25917.000	-69.885
427	25918.000	-69.896
427	25919.000	-69.905
427	25920.000	-69.914
427	25921.000	-69.922
427	25922.000	-69.930
427	25923.000	-69.936
427	25924.000	-69.942
427	25925.000	-69.948
427	25926.000	-69.953
427	25927.000	-69.957
427	25928.000	-69.961
427	25929.000	-69.965
427	25930.000	-69.968
427	25931.000	-69.971
427	25932.000	-69.974
427	25933.000	-69.977
427	25934.000	-69.979
427	25935.000	-69.981
427	25936.000	-69.983
427	25937.000	-69.984
427	25938.000	-69.986
427	25939.000	-69.987
427	25940.000	-69.988
427	25941.000	-69.989
427	25942.000	-69.990
427	25943.000	-69.991
427	25944.000	-69.992
427	25945.000	-69.993
427	25946.000	-69.994
427	25947.000	-69.994
427	25948.000	-69.995
427	25949.000	-69.995
427	25950.000	-69.996
427	25951.000	-69.996
427	25952.000	-69.996
427	25953.000	-69.997
427	25954.000	-69.997
427	25955.000	-69.997
427	25956.000	-69.998
427	25957.000	-69.998
427	25958.000	-69.998
427	25959.000	-69.998
427	25960.000	-69.998
427	25961.000	-69.991
427	25962.000	-69.934
427	25963.000	-69.865
427	25964.000	-69.808
427	25965.000	-69.769
427	25966.000	-69.747
427	25967.000	-69.740
427	25968.000	-69.742
427	25969.000	-69.750
427	25970.000	-69.763
427	25971.000	-69.779
427	25972.000	-69.795
427	25973.000	-69.811
427	25974.000	-69.827
427	25975.000	-69.842
427	25976.000	-69.856
427	25977.000	-69.869
427	25978.000	-69.881
427	25979.000	-69.892
427	25980.000	-69.902
427	25981.000	-69.912
427	25982.000	-69.920
427	25983.000	-69.928
427	25984.000	-69.934
427	25985.000	-69.941
427	25986.000	-69.946
427	25987.000	-69.951
427	25988.000	-69.956
427	25989.000	-69.960
427	25990.000	-69.964
427	25991.000	-69.967
427	25992.000	-69.971
427	25993.000	-69.973
427	25994.000	-69.976
427	25995.000	-69.978
427	25996.000	-69.980
427	25997.000	-69.982
427	25998.000	-69.984
427	25999.000	-69.985
