# NEST version: 3.8.0
# RecordingBackendASCII version: 2
sender	time_ms	V_m
423	24001.000	-70.000
423	24002.000	-70.000
423	24003.000	-70.000
423	24004.000	-70.000
423	24005.000	-70.000
423	24006.000	-70.000
423	24007.000	-70.000
423	24008.000	-70.000
423	24009.000	-70.000
423	24010.000	-70.000
423	24011.000	-70.000
423	24012.000	-70.000
423	24013.000	-70.000
423	24014.000	-70.000
423	24015.000	-70.000
423	24016.000	-70.000
423	24017.000	-70.000
423	24018.000	-70.000
423	24019.000	-70.000
423	24020.000	-70.000
423	24021.000	-70.000
423	24022.000	-70.000
423	24023.000	-70.000
423	24024.000	-70.000
423	24025.000	-70.000
423	24026.000	-70.000
423	24027.000	-70.000
423	24028.000	-70.000
423	24029.000	-70.000
423	24030.000	-70.000
423	24031.000	-70.000
423	24032.000	-70.000
423	24033.000	-70.000
423	24034.000	-70.000
423	24035.000	-70.000
423	24036.000	-70.000
423	24037.000	-70.000
423	24038.000	-70.000
423	24039.000	-70.000
423	24040.000	-70.000
423	24041.000	-70.000
423	24042.000	-70.000
423	24043.000	-70.000
423	24044.000	-70.000
423	24045.000	-70.000
423	24046.000	-70.000
423	24047.000	-70.000
423	24048.000	-70.000
423	24049.000	-70.000
423	24050.000	-70.000
423	24051.000	-70.000
423	24052.000	-70.000
423	24053.000	-70.000
423	24054.000	-70.000
423	24055.000	-70.000
423	24056.000	-70.000
423	24057.000	-70.000
423	24058.000	-70.000
423	24059.000	-70.000
423	24060.000	-70.000
423	24061.000	-69.979
423	24062.000	-69.915
423	24063.000	-69.848
423	24064.000	-69.796
423	24065.000	-69.762
423	24066.000	-69.745
423	24067.000	-69.740
423	24068.000	-69.744
423	24069.000	-69.755
423	24070.000	-69.768
423	24071.000	-69.784
423	24072.000	-69.800
423	24073.000	-69.816
423	24074.000	-69.832
423	24075.000	-69.847
423	24076.000	-69.861
423	24077.000	-69.873
423	24078.000	-69.885
423	24079.000	-69.896
423	24080.000	-69.906
423	24081.000	-69.914
423	24082.000	-69.923
423	24083.000	-69.930
423	24084.000	-69.937
423	24085.000	-69.943
423	24086.000	-69.948
423	24087.000	-69.953
423	24088.000	-69.957
423	24089.000	-69.961
423	24090.000	-69.965
423	24091.000	-69.968
423	24092.000	-69.971
423	24093.000	-69.974
423	24094.000	-69.977
423	24095.000	-69.979
423	24096.000	-69.981
423	24097.000	-69.983
423	24098.000	-69.984
423	24099.000	-69.986
423	24100.000	-69.987
423	24101.000	-69.988
423	24102.000	-69.989
423	24103.000	-69.990
423	24104.000	-69.991
423	24105.000	-69.992
423	24106.000	-69.993
423	24107.000	-69.994
423	24108.000	-69.994
423	24109.000	-69.995
423	24110.000	-69.995
423	24111.000	-69.996
423	24112.000	-69.996
423	24113.000	-69.997
423	24114.000	-69.997
423	24115.000	-69.997
423	24116.000	-69.997
423	24117.000	-69.998
423	24118.000	-69.998
423	24119.000	-69.998
423	24120.000	-69.998
423	24121.000	-69.998
423	24122.000	-69.991
423	24123.000	-69.934
423	24124.000	-69.865
423	24125.000	-69.808
423	24126.000	-69.769
423	24127.000	-69.747
423	24128.000	-69.740
423	24129.000	-69.742
423	24130.000	-69.750
423	24131.000	-69.763
423	24132.000	-69.779
423	24133.000	-69.795
423	24134.000	-69.811
423	24135.000	-69.827
423	24136.000	-69.842
423	24137.000	-69.856
423	24138.000	-69.869
423	24139.000	-69.881
423	24140.000	-69.892
423	24141.000	-69.902
423	24142.000	-69.912
423	24143.000	-69.920
423	24144.000	-69.928
423	24145.000	-69.934
423	24146.000	-69.941
423	24147.000	-69.946
423	24148.000	-69.951
423	24149.000	-69.956
423	24150.000	-69.960
423	24151.000	-69.964
423	24152.000	-69.967
423	24153.000	-69.971
423	24154.000	-69.973
423	24155.000	-69.976
423	24156.000	-69.978
423	24157.000	-69.980
423	24158.000	-69.982
423	24159.000	-69.984
423	24160.000	-69.985
423	24161.000	-69.987
423	24162.000	-69.988
423	24163.000	-69.989
423	24164.000	-69.990
423	24165.000	-69.991
423	24166.000	-69.992
423	24167.000	-69.993
423	24168.000	-69.993
423	24169.000	-69.994
423	24170.000	-69.995
423	24171.000	-69.995
423	24172.000	-69.996
423	24173.000	-69.996
423	24174.000	-69.996
423	24175.000	-69.997
423	24176.000	-69.997
423	24177.000	-69.997
423	24178.000	-69.998
423	24179.000	-69.998
423	24180.000	-69.998
423	24181.000	-69.998
423	24182.000	-69.998
423	24183.000	-69.998
423	24184.000	-69.954
423	24185.000	-69.886
423	24186.000	-69.824
423	24187.000	-69.779
423	24188.000	-69.752
423	24189.000	-69.741
423	24190.000	-69.740
423	24191.000	-69.747
423	24192.000	-69.759
423	24193.000	-69.774
423	24194.000	-69.790
423	24195.000	-69.806
423	24196.000	-69.822
423	24197.000	-69.838
423	24198.000	-69.852
423	24199.000	-69.865
423	24200.000	-69.878
423	24201.000	-69.889
423	24202.000	-69.900
423	24203.000	-69.909
423	24204.000	-69.918
423	24205.000	-69.925
423	24206.000	-69.932
423	24207.000	-69.939
423	24208.000	-69.945
423	24209.000	-69.950
423	24210.000	-69.955
423	24211.000	-69.959
423	24212.000	-69.963
423	24213.000	-69.966
423	24214.000	-69.970
423	24215.000	-69.973
423	24216.000	-69.975
423	24217.000	-69.977
423	24218.000	-69.980
423	24219.000	-69.982
423	24220.000	-69.983
423	24221.000	-69.985
423	24222.000	-69.986
423	24223.000	-69.988
423	24224.000	-69.989
423	24225.000	-69.990
423	24226.000	-69.991
423	24227.000	-69.992
423	24228.000	-69.993
423	24229.000	-69.993
423	24230.000	-69.994
423	24231.000	-69.994
423	24232.000	-69.995
423	24233.000	-69.995
423	24234.000	-69.996
423	24235.000	-69.996
423	24236.000	-69.997
423	24237.000	-69.997
423	24238.000	-69.997
423	24239.000	-69.998
423	24240.000	-69.998
423	24241.000	-69.998
423	24242.000	-69.998
423	24243.000	-69.998
423	24244.000	-69.998
423	24245.000	-69.973
423	24246.000	-69.906
423	24247.000	-69.841
423	24248.000	-69.790
423	24249.000	-69.759
423	24250.000	-69.743
423	24251.000	-69.739
423	24252.000	-69.744
423	24253.000	-69.755
423	24254.000	-69.769
423	24255.000	-69.785
423	24256.000	-69.801
423	24257.000	-69.818
423	24258.000	-69.833
423	24259.000	-69.848
423	24260.000	-69.862
423	24261.000	-69.874
423	24262.000	-69.886
423	24263.000	-69.897
423	24264.000	-69.906
423	24265.000	-69.915
423	24266.000	-69.923
423	24267.000	-69.930
423	24268.000	-69.937
423	24269.000	-69.943
423	24270.000	-69.948
423	24271.000	-69.953
423	24272.000	-69.958
423	24273.000	-69.962
423	24274.000	-69.965
423	24275.000	-69.969
423	24276.000	-69.972
423	24277.000	-69.974
423	24278.000	-69.977
423	24279.000	-69.979
423	24280.000	-69.981
423	24281.000	-69.983
423	24282.000	-69.984
423	24283.000	-69.986
423	24284.000	-69.987
423	24285.000	-69.988
423	24286.000	-69.990
423	24287.000	-69.991
423	24288.000	-69.991
423	24289.000	-69.992
423	24290.000	-69.993
423	24291.000	-69.994
423	24292.000	-69.994
423	24293.000	-69.995
423	24294.000	-69.995
423	24295.000	-69.996
423	24296.000	-69.996
423	24297.000	-69.997
423	24298.000	-69.997
423	24299.000	-69.997
423	24300.000	-69.997
423	24301.000	-69.998
423	24302.000	-69.998
423	24303.000	-69.998
423	24304.000	-69.998
423	24305.000	-69.998
423	24306.000	-69.987
423	24307.000	-69.927
423	24308.000	-69.859
423	24309.000	-69.803
423	24310.000	-69.766
423	24311.000	-69.746
423	24312.000	-69.739
423	24313.000	-69.742
423	24314.000	-69.752
423	24315.000	-69.765
423	24316.000	-69.780
423	24317.000	-69.796
423	24318.000	-69.813
423	24319.000	-69.829
423	24320.000	-69.844
423	24321.000	-69.858
423	24322.000	-69.871
423	24323.000	-69.883
423	24324.000	-69.893
423	24325.000	-69.903
423	24326.000	-69.913
423	24327.000	-69.921
423	24328.000	-69.928
423	24329.000	-69.935
423	24330.000	-69.941
423	24331.000	-69.947
423	24332.000	-69.952
423	24333.000	-69.956
423	24334.000	-69.961
423	24335.000	-69.964
423	24336.000	-69.968
423	24337.000	-69.971
423	24338.000	-69.974
423	24339.000	-69.976
423	24340.000	-69.978
423	24341.000	-69.980
423	24342.000	-69.982
423	24343.000	-69.984
423	24344.000	-69.986
423	24345.000	-69.987
423	24346.000	-69.988
423	24347.000	-69.989
423	24348.000	-69.990
423	24349.000	-69.991
423	24350.000	-69.992
423	24351.000	-69.993
423	24352.000	-69.993
423	24353.000	-69.994
423	24354.000	-69.995
423	24355.000	-69.995
423	24356.000	-69.996
423	24357.000	-69.996
423	24358.000	-69.996
423	24359.000	-69.997
423	24360.000	-69.997
423	24361.000	-69.997
423	24362.000	-69.998
423	24363.000	-69.998
423	24364.000	-69.998
423	24365.000	-69.998
423	24366.000	-69.998
423	24367.000	-69.997
423	24368.000	-69.948
423	24369.000	-69.879
423	24370.000	-69.818
423	24371.000	-69.776
423	24372.000	-69.751
423	24373.000	-69.740
423	24374.000	-69.741
423	24375.000	-69.748
423	24376.000	-69.761
423	24377.000	-69.775
423	24378.000	-69.792
423	24379.000	-69.808
423	24380.000	-69.824
423	24381.000	-69.839
423	24382.000	-69.853
423	24383.000	-69.867
423	24384.000	-69.879
423	24385.000	-69.890
423	24386.000	-69.901
423	24387.000	-69.910
423	24388.000	-69.918
423	24389.000	-69.926
423	24390.000	-69.933
423	24391.000	-69.939
423	24392.000	-69.945
423	24393.000	-69.950
423	24394.000	-69.955
423	24395.000	-69.959
423	24396.000	-69.963
423	24397.000	-69.967
423	24398.000	-69.970
423	24399.000	-69.973
423	24400.000	-69.975
423	24401.000	-69.978
423	24402.000	-69.980
423	24403.000	-69.982
423	24404.000	-69.983
423	24405.000	-69.985
423	24406.000	-69.986
423	24407.000	-69.988
423	24408.000	-69.989
423	24409.000	-69.990
423	24410.000	-69.991
423	24411.000	-69.992
423	24412.000	-69.993
423	24413.000	-69.993
423	24414.000	-69.994
423	24415.000	-69.995
423	24416.000	-69.995
423	24417.000	-69.996
423	24418.000	-69.996
423	24419.000	-69.996
423	24420.000	-69.997
423	24421.000	-69.997
423	24422.000	-69.997
423	24423.000	-69.998
423	24424.000	-69.998
423	24425.000	-69.998
423	24426.000	-69.998
423	24427.000	-69.998
423	24428.000	-69.999
423	24429.000	-69.967
423	24430.000	-69.899
423	24431.000	-69.835
423	24432.000	-69.786
423	24433.000	-69.756
423	24434.000	-69.742
423	24435.000	-69.740
423	24436.000	-69.745
423	24437.000	-69.757
423	24438.000	-69.771
423	24439.000	-69.787
423	24440.000	-69.803
423	24441.000	-69.819
423	24442.000	-69.835
423	24443.000	-69.849
423	24444.000	-69.863
423	24445.000	-69.875
423	24446.000	-69.887
423	24447.000	-69.898
423	24448.000	-69.907
423	24449.000	-69.916
423	24450.000	-69.924
423	24451.000	-69.931
423	24452.000	-69.938
423	24453.000	-69.944
423	24454.000	-69.949
423	24455.000	-69.954
423	24456.000	-69.958
423	24457.000	-69.962
423	24458.000	-69.966
423	24459.000	-69.969
423	24460.000	-69.972
423	24461.000	-69.975
423	24462.000	-69.977
423	24463.000	-69.979
423	24464.000	-69.981
423	24465.000	-69.983
423	24466.000	-69.985
423	24467.000	-69.986
423	24468.000	-69.987
423	24469.000	-69.989
423	24470.000	-69.990
423	24471.000	-69.991
423	24472.000	-69.992
423	24473.000	-69.992
423	24474.000	-69.993
423	24475.000	-69.994
423	24476.000	-69.994
423	24477.000	-69.995
423	24478.000	-69.995
423	24479.000	-69.996
423	24480.000	-69.996
423	24481.000	-69.997
423	24482.000	-69.997
423	24483.000	-69.997
423	24484.000	-69.997
423	24485.000	-69.998
423	24486.000	-69.998
423	24487.000	-69.998
423	24488.000	-69.998
423	24489.000	-69.998
423	24490.000	-69.983
423	24491.000	-69.920
423	24492.000	-69.853
423	24493.000	-69.799
423	24494.000	-69.764
423	24495.000	-69.745
423	24496.000	-69.739
423	24497.000	-69.743
423	24498.000	-69.753
423	24499.000	-69.766
423	24500.000	-69.782
423	24501.000	-69.798
423	24502.000	-69.814
423	24503.000	-69.830
423	24504.000	-69.845
423	24505.000	-69.859
423	24506.000	-69.872
423	24507.000	-69.884
423	24508.000	-69.895
423	24509.000	-69.904
423	24510.000	-69.913
423	24511.000	-69.922
423	24512.000	-69.929
423	24513.000	-69.936
423	24514.000	-69.942
423	24515.000	-69.947
423	24516.000	-69.952
423	24517.000	-69.957
423	24518.000	-69.961
423	24519.000	-69.965
423	24520.000	-69.968
423	24521.000	-69.971
423	24522.000	-69.974
423	24523.000	-69.976
423	24524.000	-69.979
423	24525.000	-69.981
423	24526.000	-69.982
423	24527.000	-69.984
423	24528.000	-69.986
423	24529.000	-69.987
423	24530.000	-69.988
423	24531.000	-69.989
423	24532.000	-69.990
423	24533.000	-69.991
423	24534.000	-69.992
423	24535.000	-69.993
423	24536.000	-69.994
423	24537.000	-69.994
423	24538.000	-69.995
423	24539.000	-69.995
423	24540.000	-69.996
423	24541.000	-69.996
423	24542.000	-69.996
423	24543.000	-69.997
423	24544.000	-69.997
423	24545.000	-69.997
423	24546.000	-69.998
423	24547.000	-69.998
423	24548.000	-69.998
423	24549.000	-69.998
423	24550.000	-69.998
423	24551.000	-69.994
423	24552.000	-69.941
423	24553.000	-69.872
423	24554.000	-69.813
423	24555.000	-69.772
423	24556.000	-69.749
423	24557.000	-69.740
423	24558.000	-69.741
423	24559.000	-69.749
423	24560.000	-69.762
423	24561.000	-69.777
423	24562.000	-69.793
423	24563.000	-69.810
423	24564.000	-69.825
423	24565.000	-69.841
423	24566.000	-69.855
423	24567.000	-69.868
423	24568.000	-69.880
423	24569.000	-69.891
423	24570.000	-69.902
423	24571.000	-69.911
423	24572.000	-69.919
423	24573.000	-69.927
423	24574.000	-69.934
423	24575.000	-69.940
423	24576.000	-69.946
423	24577.000	-69.951
423	24578.000	-69.956
423	24579.000	-69.960
423	24580.000	-69.964
423	24581.000	-69.967
423	24582.000	-69.970
423	24583.000	-69.973
423	24584.000	-69.976
423	24585.000	-69.978
423	24586.000	-69.980
423	24587.000	-69.982
423	24588.000	-69.984
423	24589.000	-69.985
423	24590.000	-69.987
423	24591.000	-69.988
423	24592.000	-69.989
423	24593.000	-69.990
423	24594.000	-69.991
423	24595.000	-69.992
423	24596.000	-69.993
423	24597.000	-69.993
423	24598.000	-69.994
423	24599.000	-69.995
423	24600.000	-69.995
423	24601.000	-69.996
423	24602.000	-69.996
423	24603.000	-69.996
423	24604.000	-69.997
423	24605.000	-69.997
423	24606.000	-69.997
423	24607.000	-69.998
423	24608.000	-69.998
423	24609.000	-69.998
423	24610.000	-69.998
423	24611.000	-69.998
423	24612.000	-69.999
423	24613.000	-69.961
423	24614.000	-69.892
423	24615.000	-69.829
423	24616.000	-69.783
423	24617.000	-69.754
423	24618.000	-69.741
423	24619.000	-69.740
423	24620.000	-69.746
423	24621.000	-69.758
423	24622.000	-69.772
423	24623.000	-69.788
423	24624.000	-69.805
423	24625.000	-69.821
423	24626.000	-69.836
423	24627.000	-69.851
423	24628.000	-69.864
423	24629.000	-69.877
423	24630.000	-69.888
423	24631.000	-69.899
423	24632.000	-69.908
423	24633.000	-69.917
423	24634.000	-69.925
423	24635.000	-69.932
423	24636.000	-69.938
423	24637.000	-69.944
423	24638.000	-69.949
423	24639.000	-69.954
423	24640.000	-69.959
423	24641.000	-69.963
423	24642.000	-69.966
423	24643.000	-69.969
423	24644.000	-69.972
423	24645.000	-69.975
423	24646.000	-69.977
423	24647.000	-69.979
423	24648.000	-69.981
423	24649.000	-69.983
423	24650.000	-69.985
423	24651.000	-69.986
423	24652.000	-69.988
423	24653.000	-69.989
423	24654.000	-69.990
423	24655.000	-69.991
423	24656.000	-69.992
423	24657.000	-69.992
423	24658.000	-69.993
423	24659.000	-69.994
423	24660.000	-69.994
423	24661.000	-69.995
423	24662.000	-69.995
423	24663.000	-69.996
423	24664.000	-69.996
423	24665.000	-69.997
423	24666.000	-69.997
423	24667.000	-69.997
423	24668.000	-69.997
423	24669.000	-69.998
423	24670.000	-69.998
423	24671.000	-69.998
423	24672.000	-69.998
423	24673.000	-69.998
423	24674.000	-69.978
423	24675.000	-69.913
423	24676.000	-69.847
423	24677.000	-69.795
423	24678.000	-69.761
423	24679.000	-69.744
423	24680.000	-69.739
423	24681.000	-69.744
423	24682.000	-69.754
423	24683.000	-69.768
423	24684.000	-69.783
423	24685.000	-69.800
423	24686.000	-69.816
423	24687.000	-69.832
423	24688.000	-69.846
423	24689.000	-69.860
423	24690.000	-69.873
423	24691.000	-69.885
423	24692.000	-69.896
423	24693.000	-69.905
423	24694.000	-69.914
423	24695.000	-69.922
423	24696.000	-69.930
423	24697.000	-69.936
423	24698.000	-69.942
423	24699.000	-69.948
423	24700.000	-69.953
423	24701.000	-69.957
423	24702.000	-69.961
423	24703.000	-69.965
423	24704.000	-69.968
423	24705.000	-69.971
423	24706.000	-69.974
423	24707.000	-69.977
423	24708.000	-69.979
423	24709.000	-69.981
423	24710.000	-69.983
423	24711.000	-69.984
423	24712.000	-69.986
423	24713.000	-69.987
423	24714.000	-69.988
423	24715.000	-69.989
423	24716.000	-69.990
423	24717.000	-69.991
423	24718.000	-69.992
423	24719.000	-69.993
423	24720.000	-69.994
423	24721.000	-69.994
423	24722.000	-69.995
423	24723.000	-69.995
423	24724.000	-69.996
423	24725.000	-69.996
423	24726.000	-69.996
423	24727.000	-69.997
423	24728.000	-69.997
423	24729.000	-69.997
423	24730.000	-69.998
423	24731.000	-69.998
423	24732.000	-69.998
423	24733.000	-69.998
423	24734.000	-69.998
423	24735.000	-69.991
423	24736.000	-69.934
423	24737.000	-69.865
423	24738.000	-69.808
423	24739.000	-69.769
423	24740.000	-69.747
423	24741.000	-69.740
423	24742.000	-69.742
423	24743.000	-69.750
423	24744.000	-69.763
423	24745.000	-69.779
423	24746.000	-69.795
423	24747.000	-69.811
423	24748.000	-69.827
423	24749.000	-69.842
423	24750.000	-69.856
423	24751.000	-69.869
423	24752.000	-69.881
423	24753.000	-69.892
423	24754.000	-69.902
423	24755.000	-69.912
423	24756.000	-69.920
423	24757.000	-69.928
423	24758.000	-69.934
423	24759.000	-69.941
423	24760.000	-69.946
423	24761.000	-69.951
423	24762.000	-69.956
423	24763.000	-69.960
423	24764.000	-69.964
423	24765.000	-69.967
423	24766.000	-69.971
423	24767.000	-69.973
423	24768.000	-69.976
423	24769.000	-69.978
423	24770.000	-69.980
423	24771.000	-69.982
423	24772.000	-69.984
423	24773.000	-69.985
423	24774.000	-69.987
423	24775.000	-69.988
423	24776.000	-69.989
423	24777.000	-69.990
423	24778.000	-69.991
423	24779.000	-69.992
423	24780.000	-69.993
423	24781.000	-69.993
423	24782.000	-69.994
423	24783.000	-69.995
423	24784.000	-69.995
423	24785.000	-69.996
423	24786.000	-69.996
423	24787.000	-69.996
423	24788.000	-69.997
423	24789.000	-69.997
423	24790.000	-69.997
423	24791.000	-69.998
423	24792.000	-69.998
423	24793.000	-69.998
423	24794.000	-69.998
423	24795.000	-69.998
423	24796.000	-69.998
423	24797.000	-69.954
423	24798.000	-69.886
423	24799.000	-69.824
423	24800.000	-69.779
423	24801.000	-69.752
423	24802.000	-69.741
423	24803.000	-69.740
423	24804.000	-69.747
423	24805.000	-69.759
423	24806.000	-69.774
423	24807.000	-69.790
423	24808.000	-69.806
423	24809.000	-69.822
423	24810.000	-69.838
423	24811.000	-69.852
423	24812.000	-69.865
423	24813.000	-69.878
423	24814.000	-69.889
423	24815.000	-69.900
423	24816.000	-69.909
423	24817.000	-69.918
423	24818.000	-69.925
423	24819.000	-69.932
423	24820.000	-69.939
423	24821.000	-69.945
423	24822.000	-69.950
423	24823.000	-69.955
423	24824.000	-69.959
423	24825.000	-69.963
423	24826.000	-69.966
423	24827.000	-69.970
423	24828.000	-69.973
423	24829.000	-69.975
423	24830.000	-69.977
423	24831.000	-69.980
423	24832.000	-69.982
423	24833.000	-69.983
423	24834.000	-69.985
423	24835.000	-69.986
423	24836.000	-69.988
423	24837.000	-69.989
423	24838.000	-69.990
423	24839.000	-69.991
423	24840.000	-69.992
423	24841.000	-69.993
423	24842.000	-69.993
423	24843.000	-69.994
423	24844.000	-69.994
423	24845.000	-69.995
423	24846.000	-69.995
423	24847.000	-69.996
423	24848.000	-69.996
423	24849.000	-69.997
423	24850.000	-69.997
423	24851.000	-69.997
423	24852.000	-69.998
423	24853.000	-69.998
423	24854.000	-69.998
423	24855.000	-69.998
423	24856.000	-69.998
423	24857.000	-69.998
423	24858.000	-69.973
423	24859.000	-69.906
423	24860.000	-69.841
423	24861.000	-69.790
423	24862.000	-69.759
423	24863.000	-69.743
423	24864.000	-69.739
423	24865.000	-69.744
423	24866.000	-69.755
423	24867.000	-69.769
423	24868.000	-69.785
423	24869.000	-69.801
423	24870.000	-69.818
423	24871.000	-69.833
423	24872.000	-69.848
423	24873.000	-69.862
423	24874.000	-69.874
423	24875.000	-69.886
423	24876.000	-69.897
423	24877.000	-69.906
423	24878.000	-69.915
423	24879.000	-69.923
423	24880.000	-69.930
423	24881.000	-69.937
423	24882.000	-69.943
423	24883.000	-69.948
423	24884.000	-69.953
423	24885.000	-69.958
423	24886.000	-69.962
423	24887.000	-69.965
423	24888.000	-69.969
423	24889.000	-69.972
423	24890.000	-69.974
423	24891.000	-69.977
423	24892.000	-69.979
423	24893.000	-69.981
423	24894.000	-69.983
423	24895.000	-69.984
423	24896.000	-69.986
423	24897.000	-69.987
423	24898.000	-69.988
423	24899.000	-69.990
423	24900.000	-69.991
423	24901.000	-69.991
423	24902.000	-69.992
423	24903.000	-69.993
423	24904.000	-69.994
423	24905.000	-69.994
423	24906.000	-69.995
423	24907.000	-69.995
423	24908.000	-69.996
423	24909.000	-69.996
423	24910.000	-69.997
423	24911.000	-69.997
423	24912.000	-69.997
423	24913.000	-69.997
423	24914.000	-69.998
423	24915.000	-69.998
423	24916.000	-69.998
423	24917.000	-69.998
423	24918.000	-69.998
423	24919.000	-69.987
423	24920.000	-69.927
423	24921.000	-69.859
423	24922.000	-69.803
423	24923.000	-69.766
423	24924.000	-69.746
423	24925.000	-69.739
423	24926.000	-69.742
423	24927.000	-69.752
423	24928.000	-69.765
423	24929.000	-69.780
423	24930.000	-69.796
423	24931.000	-69.813
423	24932.000	-69.829
423	24933.000	-69.844
423	24934.000	-69.858
423	24935.000	-69.871
423	24936.000	-69.883
423	24937.000	-69.893
423	24938.000	-69.903
423	24939.000	-69.913
423	24940.000	-69.921
423	24941.000	-69.928
423	24942.000	-69.935
423	24943.000	-69.941
423	24944.000	-69.947
423	24945.000	-69.952
423	24946.000	-69.956
423	24947.000	-69.961
423	24948.000	-69.964
423	24949.000	-69.968
423	24950.000	-69.971
423	24951.000	-69.974
423	24952.000	-69.976
423	24953.000	-69.978
423	24954.000	-69.980
423	24955.000	-69.982
423	24956.000	-69.984
423	24957.000	-69.986
423	24958.000	-69.987
423	24959.000	-69.988
423	24960.000	-69.989
423	24961.000	-69.990
423	24962.000	-69.991
423	24963.000	-69.992
423	24964.000	-69.993
423	24965.000	-69.993
423	24966.000	-69.994
423	24967.000	-69.995
423	24968.000	-69.995
423	24969.000	-69.996
423	24970.000	-69.996
423	24971.000	-69.996
423	24972.000	-69.997
423	24973.000	-69.997
423	24974.000	-69.997
423	24975.000	-69.998
423	24976.000	-69.998
423	24977.000	-69.998
423	24978.000	-69.998
423	24979.000	-69.998
423	24980.000	-69.997
423	24981.000	-69.948
423	24982.000	-69.879
423	24983.000	-69.818
423	24984.000	-69.776
423	24985.000	-69.751
423	24986.000	-69.740
423	24987.000	-69.741
423	24988.000	-69.748
423	24989.000	-69.761
423	24990.000	-69.775
423	24991.000	-69.792
423	24992.000	-69.808
423	24993.000	-69.824
423	24994.000	-69.839
423	24995.000	-69.853
423	24996.000	-69.867
423	24997.000	-69.879
423	24998.000	-69.890
423	24999.000	-69.901
423	25000.000	-69.910
423	25001.000	-69.918
423	25002.000	-69.926
423	25003.000	-69.933
423	25004.000	-69.939
423	25005.000	-69.945
423	25006.000	-69.950
423	25007.000	-69.955
423	25008.000	-69.959
423	25009.000	-69.963
423	25010.000	-69.967
423	25011.000	-69.970
423	25012.000	-69.973
423	25013.000	-69.975
423	25014.000	-69.978
423	25015.000	-69.980
423	25016.000	-69.982
423	25017.000	-69.983
423	25018.000	-69.985
423	25019.000	-69.986
423	25020.000	-69.988
423	25021.000	-69.989
423	25022.000	-69.990
423	25023.000	-69.991
423	25024.000	-69.992
423	25025.000	-69.993
423	25026.000	-69.993
423	25027.000	-69.994
423	25028.000	-69.995
423	25029.000	-69.995
423	25030.000	-69.996
423	25031.000	-69.996
423	25032.000	-69.996
423	25033.000	-69.997
423	25034.000	-69.997
423	25035.000	-69.997
423	25036.000	-69.998
423	25037.000	-69.998
423	25038.000	-69.998
423	25039.000	-69.998
423	25040.000	-69.998
423	25041.000	-69.999
423	25042.000	-69.967
423	25043.000	-69.899
423	25044.000	-69.835
423	25045.000	-69.786
423	25046.000	-69.756
423	25047.000	-69.742
423	25048.000	-69.740
423	25049.000	-69.745
423	25050.000	-69.757
423	25051.000	-69.771
423	25052.000	-69.787
423	25053.000	-69.803
423	25054.000	-69.819
423	25055.000	-69.835
423	25056.000	-69.849
423	25057.000	-69.863
423	25058.000	-69.875
423	25059.000	-69.887
423	25060.000	-69.898
423	25061.000	-69.907
423	25062.000	-69.916
423	25063.000	-69.924
423	25064.000	-69.931
423	25065.000	-69.938
423	25066.000	-69.944
423	25067.000	-69.949
423	25068.000	-69.954
423	25069.000	-69.958
423	25070.000	-69.962
423	25071.000	-69.966
423	25072.000	-69.969
423	25073.000	-69.972
423	25074.000	-69.975
423	25075.000	-69.977
423	25076.000	-69.979
423	25077.000	-69.981
423	25078.000	-69.983
423	25079.000	-69.985
423	25080.000	-69.986
423	25081.000	-69.987
423	25082.000	-69.989
423	25083.000	-69.990
423	25084.000	-69.991
423	25085.000	-69.992
423	25086.000	-69.992
423	25087.000	-69.993
423	25088.000	-69.994
423	25089.000	-69.994
423	25090.000	-69.995
423	25091.000	-69.995
423	25092.000	-69.996
423	25093.000	-69.996
423	25094.000	-69.997
423	25095.000	-69.997
423	25096.000	-69.997
423	25097.000	-69.997
423	25098.000	-69.998
423	25099.000	-69.998
423	25100.000	-69.998
423	25101.000	-69.998
423	25102.000	-69.998
423	25103.000	-69.983
423	25104.000	-69.920
423	25105.000	-69.853
423	25106.000	-69.799
423	25107.000	-69.764
423	25108.000	-69.745
423	25109.000	-69.739
423	25110.000	-69.743
423	25111.000	-69.753
423	25112.000	-69.766
423	25113.000	-69.782
423	25114.000	-69.798
423	25115.000	-69.814
423	25116.000	-69.830
423	25117.000	-69.845
423	25118.000	-69.859
423	25119.000	-69.872
423	25120.000	-69.884
423	25121.000	-69.895
423	25122.000	-69.904
423	25123.000	-69.913
423	25124.000	-69.922
423	25125.000	-69.929
423	25126.000	-69.936
423	25127.000	-69.942
423	25128.000	-69.947
423	25129.000	-69.952
423	25130.000	-69.957
423	25131.000	-69.961
423	25132.000	-69.965
423	25133.000	-69.968
423	25134.000	-69.971
423	25135.000	-69.974
423	25136.000	-69.976
423	25137.000	-69.979
423	25138.000	-69.981
423	25139.000	-69.982
423	25140.000	-69.984
423	25141.000	-69.986
423	25142.000	-69.987
423	25143.000	-69.988
423	25144.000	-69.989
423	25145.000	-69.990
423	25146.000	-69.991
423	25147.000	-69.992
423	25148.000	-69.993
423	25149.000	-69.994
423	25150.000	-69.994
423	25151.000	-69.995
423	25152.000	-69.995
423	25153.000	-69.996
423	25154.000	-69.996
423	25155.000	-69.996
423	25156.000	-69.997
423	25157.000	-69.997
423	25158.000	-69.997
423	25159.000	-69.998
423	25160.000	-69.998
423	25161.000	-69.998
423	25162.000	-69.998
423	25163.000	-69.998
423	25164.000	-69.994
423	25165.000	-69.941
423	25166.000	-69.872
423	25167.000	-69.813
423	25168.000	-69.772
423	25169.000	-69.749
423	25170.000	-69.740
423	25171.000	-69.741
423	25172.000	-69.749
423	25173.000	-69.762
423	25174.000	-69.777
423	25175.000	-69.793
423	25176.000	-69.810
423	25177.000	-69.825
423	25178.000	-69.841
423	25179.000	-69.855
423	25180.000	-69.868
423	25181.000	-69.880
423	25182.000	-69.891
423	25183.000	-69.902
423	25184.000	-69.911
423	25185.000	-69.919
423	25186.000	-69.927
423	25187.000	-69.934
423	25188.000	-69.940
423	25189.000	-69.946
423	25190.000	-69.951
423	25191.000	-69.956
423	25192.000	-69.960
423	25193.000	-69.964
423	25194.000	-69.967
423	25195.000	-69.970
423	25196.000	-69.973
423	25197.000	-69.976
423	25198.000	-69.978
423	25199.000	-69.980
423	25200.000	-69.982
423	25201.000	-69.984
423	25202.000	-69.985
423	25203.000	-69.987
423	25204.000	-69.988
423	25205.000	-69.989
423	25206.000	-69.990
423	25207.000	-69.991
423	25208.000	-69.992
423	25209.000	-69.993
423	25210.000	-69.993
423	25211.000	-69.994
423	25212.000	-69.995
423	25213.000	-69.995
423	25214.000	-69.996
423	25215.000	-69.996
423	25216.000	-69.996
423	25217.000	-69.997
423	25218.000	-69.997
423	25219.000	-69.997
423	25220.000	-69.998
423	25221.000	-69.998
423	25222.000	-69.998
423	25223.000	-69.998
423	25224.000	-69.998
423	25225.000	-69.999
423	25226.000	-69.961
423	25227.000	-69.892
423	25228.000	-69.829
423	25229.000	-69.783
423	25230.000	-69.754
423	25231.000	-69.741
423	25232.000	-69.740
423	25233.000	-69.746
423	25234.000	-69.758
423	25235.000	-69.772
423	25236.000	-69.788
423	25237.000	-69.805
423	25238.000	-69.821
423	25239.000	-69.836
423	25240.000	-69.851
423	25241.000	-69.864
423	25242.000	-69.877
423	25243.000	-69.888
423	25244.000	-69.899
423	25245.000	-69.908
423	25246.000	-69.917
423	25247.000	-69.925
423	25248.000	-69.932
423	25249.000	-69.938
423	25250.000	-69.944
423	25251.000	-69.949
423	25252.000	-69.954
423	25253.000	-69.959
423	25254.000	-69.963
423	25255.000	-69.966
423	25256.000	-69.969
423	25257.000	-69.972
423	25258.000	-69.975
423	25259.000	-69.977
423	25260.000	-69.979
423	25261.000	-69.981
423	25262.000	-69.983
423	25263.000	-69.985
423	25264.000	-69.986
423	25265.000	-69.988
423	25266.000	-69.989
423	25267.000	-69.990
423	25268.000	-69.991
423	25269.000	-69.992
423	25270.000	-69.992
423	25271.000	-69.993
423	25272.000	-69.994
423	25273.000	-69.994
423	25274.000	-69.995
423	25275.000	-69.995
423	25276.000	-69.996
423	25277.000	-69.996
423	25278.000	-69.997
423	25279.000	-69.997
423	25280.000	-69.997
423	25281.000	-69.997
423	25282.000	-69.998
423	25283.000	-69.998
423	25284.000	-69.998
423	25285.000	-69.998
423	25286.000	-69.998
423	25287.000	-69.978
423	25288.000	-69.913
423	25289.000	-69.847
423	25290.000	-69.795
423	25291.000	-69.761
423	25292.000	-69.744
423	25293.000	-69.739
423	25294.000	-69.744
423	25295.000	-69.754
423	25296.000	-69.768
423	25297.000	-69.783
423	25298.000	-69.800
423	25299.000	-69.816
423	25300.000	-69.832
423	25301.000	-69.846
423	25302.000	-69.860
423	25303.000	-69.873
423	25304.000	-69.885
423	25305.000	-69.896
423	25306.000	-69.905
423	25307.000	-69.914
423	25308.000	-69.922
423	25309.000	-69.930
423	25310.000	-69.936
423	25311.000	-69.942
423	25312.000	-69.948
423	25313.000	-69.953
423	25314.000	-69.957
423	25315.000	-69.961
423	25316.000	-69.965
423	25317.000	-69.968
423	25318.000	-69.971
423	25319.000	-69.974
423	25320.000	-69.977
423	25321.000	-69.979
423	25322.000	-69.981
423	25323.000	-69.983
423	25324.000	-69.984
423	25325.000	-69.986
423	25326.000	-69.987
423	25327.000	-69.988
423	25328.000	-69.989
423	25329.000	-69.990
423	25330.000	-69.991
423	25331.000	-69.992
423	25332.000	-69.993
423	25333.000	-69.994
423	25334.000	-69.994
423	25335.000	-69.995
423	25336.000	-69.995
423	25337.000	-69.996
423	25338.000	-69.996
423	25339.000	-69.996
423	25340.000	-69.997
423	25341.000	-69.997
423	25342.000	-69.997
423	25343.000	-69.998
423	25344.000	-69.998
423	25345.000	-69.998
423	25346.000	-69.998
423	25347.000	-69.998
423	25348.000	-69.991
423	25349.000	-69.934
423	25350.000	-69.865
423	25351.000	-69.808
423	25352.000	-69.769
423	25353.000	-69.747
423	25354.000	-69.740
423	25355.000	-69.742
423	25356.000	-69.750
423	25357.000	-69.763
423	25358.000	-69.779
423	25359.000	-69.795
423	25360.000	-69.811
423	25361.000	-69.827
423	25362.000	-69.842
423	25363.000	-69.856
423	25364.000	-69.869
423	25365.000	-69.881
423	25366.000	-69.892
423	25367.000	-69.902
423	25368.000	-69.912
423	25369.000	-69.920
423	25370.000	-69.928
423	25371.000	-69.934
423	25372.000	-69.941
423	25373.000	-69.946
423	25374.000	-69.951
423	25375.000	-69.956
423	25376.000	-69.960
423	25377.000	-69.964
423	25378.000	-69.967
423	25379.000	-69.971
423	25380.000	-69.973
423	25381.000	-69.976
423	25382.000	-69.978
423	25383.000	-69.980
423	25384.000	-69.982
423	25385.000	-69.984
423	25386.000	-69.985
423	25387.000	-69.987
423	25388.000	-69.988
423	25389.000	-69.989
423	25390.000	-69.990
423	25391.000	-69.991
423	25392.000	-69.992
423	25393.000	-69.993
423	25394.000	-69.993
423	25395.000	-69.994
423	25396.000	-69.995
423	25397.000	-69.995
423	25398.000	-69.996
423	25399.000	-69.996
423	25400.000	-69.996
423	25401.000	-69.997
423	25402.000	-69.997
423	25403.000	-69.997
423	25404.000	-69.998
423	25405.000	-69.998
423	25406.000	-69.998
423	25407.000	-69.998
423	25408.000	-69.998
423	25409.000	-69.998
423	25410.000	-69.954
423	25411.000	-69.886
423	25412.000	-69.824
423	25413.000	-69.779
423	25414.000	-69.752
423	25415.000	-69.741
423	25416.000	-69.740
423	25417.000	-69.747
423	25418.000	-69.759
423	25419.000	-69.774
423	25420.000	-69.790
423	25421.000	-69.806
423	25422.000	-69.822
423	25423.000	-69.838
423	25424.000	-69.852
423	25425.000	-69.865
423	25426.000	-69.878
423	25427.000	-69.889
423	25428.000	-69.900
423	25429.000	-69.909
423	25430.000	-69.918
423	25431.000	-69.925
423	25432.000	-69.932
423	25433.000	-69.939
423	25434.000	-69.945
423	25435.000	-69.950
423	25436.000	-69.955
423	25437.000	-69.959
423	25438.000	-69.963
423	25439.000	-69.966
423	25440.000	-69.970
423	25441.000	-69.973
423	25442.000	-69.975
423	25443.000	-69.977
423	25444.000	-69.980
423	25445.000	-69.982
423	25446.000	-69.983
423	25447.000	-69.985
423	25448.000	-69.986
423	25449.000	-69.988
423	25450.000	-69.989
423	25451.000	-69.990
423	25452.000	-69.991
423	25453.000	-69.992
423	25454.000	-69.993
423	25455.000	-69.993
423	25456.000	-69.994
423	25457.000	-69.994
423	25458.000	-69.995
423	25459.000	-69.995
423	25460.000	-69.996
423	25461.000	-69.996
423	25462.000	-69.997
423	25463.000	-69.997
423	25464.000	-69.997
423	25465.000	-69.998
423	25466.000	-69.998
423	25467.000	-69.998
423	25468.000	-69.998
423	25469.000	-69.998
423	25470.000	-69.998
423	25471.000	-69.973
423	25472.000	-69.906
423	25473.000	-69.841
423	25474.000	-69.790
423	25475.000	-69.759
423	25476.000	-69.743
423	25477.000	-69.739
423	25478.000	-69.744
423	25479.000	-69.755
423	25480.000	-69.769
423	25481.000	-69.785
423	25482.000	-69.801
423	25483.000	-69.818
423	25484.000	-69.833
423	25485.000	-69.848
423	25486.000	-69.862
423	25487.000	-69.874
423	25488.000	-69.886
423	25489.000	-69.897
423	25490.000	-69.906
423	25491.000	-69.915
423	25492.000	-69.923
423	25493.000	-69.930
423	25494.000	-69.937
423	25495.000	-69.943
423	25496.000	-69.948
423	25497.000	-69.953
423	25498.000	-69.958
423	25499.000	-69.962
423	25500.000	-69.965
423	25501.000	-69.969
423	25502.000	-69.972
423	25503.000	-69.974
423	25504.000	-69.977
423	25505.000	-69.979
423	25506.000	-69.981
423	25507.000	-69.983
423	25508.000	-69.984
423	25509.000	-69.986
423	25510.000	-69.987
423	25511.000	-69.988
423	25512.000	-69.990
423	25513.000	-69.991
423	25514.000	-69.991
423	25515.000	-69.992
423	25516.000	-69.993
423	25517.000	-69.994
423	25518.000	-69.994
423	25519.000	-69.995
423	25520.000	-69.995
423	25521.000	-69.996
423	25522.000	-69.996
423	25523.000	-69.997
423	25524.000	-69.997
423	25525.000	-69.997
423	25526.000	-69.997
423	25527.000	-69.998
423	25528.000	-69.998
423	25529.000	-69.998
423	25530.000	-69.998
423	25531.000	-69.998
423	25532.000	-69.987
423	25533.000	-69.927
423	25534.000	-69.859
423	25535.000	-69.803
423	25536.000	-69.766
423	25537.000	-69.746
423	25538.000	-69.739
423	25539.000	-69.742
423	25540.000	-69.752
423	25541.000	-69.765
423	25542.000	-69.780
423	25543.000	-69.796
423	25544.000	-69.813
423	25545.000	-69.829
423	25546.000	-69.844
423	25547.000	-69.858
423	25548.000	-69.871
423	25549.000	-69.883
423	25550.000	-69.893
423	25551.000	-69.903
423	25552.000	-69.913
423	25553.000	-69.921
423	25554.000	-69.928
423	25555.000	-69.935
423	25556.000	-69.941
423	25557.000	-69.947
423	25558.000	-69.952
423	25559.000	-69.956
423	25560.000	-69.961
423	25561.000	-69.964
423	25562.000	-69.968
423	25563.000	-69.971
423	25564.000	-69.974
423	25565.000	-69.976
423	25566.000	-69.978
423	25567.000	-69.980
423	25568.000	-69.982
423	25569.000	-69.984
423	25570.000	-69.986
423	25571.000	-69.987
423	25572.000	-69.988
423	25573.000	-69.989
423	25574.000	-69.990
423	25575.000	-69.991
423	25576.000	-69.992
423	25577.000	-69.993
423	25578.000	-69.993
423	25579.000	-69.994
423	25580.000	-69.995
423	25581.000	-69.995
423	25582.000	-69.996
423	25583.000	-69.996
423	25584.000	-69.996
423	25585.000	-69.997
423	25586.000	-69.997
423	25587.000	-69.997
423	25588.000	-69.998
423	25589.000	-69.998
423	25590.000	-69.998
423	25591.000	-69.998
423	25592.000	-69.998
423	25593.000	-69.997
423	25594.000	-69.948
423	25595.000	-69.879
423	25596.000	-69.818
423	25597.000	-69.776
423	25598.000	-69.751
423	25599.000	-69.740
423	25600.000	-69.741
423	25601.000	-69.748
423	25602.000	-69.761
423	25603.000	-69.775
423	25604.000	-69.792
423	25605.000	-69.808
423	25606.000	-69.824
423	25607.000	-69.839
423	25608.000	-69.853
423	25609.000	-69.867
423	25610.000	-69.879
423	25611.000	-69.890
423	25612.000	-69.901
423	25613.000	-69.910
423	25614.000	-69.918
423	25615.000	-69.926
423	25616.000	-69.933
423	25617.000	-69.939
423	25618.000	-69.945
423	25619.000	-69.950
423	25620.000	-69.955
423	25621.000	-69.959
423	25622.000	-69.963
423	25623.000	-69.967
423	25624.000	-69.970
423	25625.000	-69.973
423	25626.000	-69.975
423	25627.000	-69.978
423	25628.000	-69.980
423	25629.000	-69.982
423	25630.000	-69.983
423	25631.000	-69.985
423	25632.000	-69.986
423	25633.000	-69.988
423	25634.000	-69.989
423	25635.000	-69.990
423	25636.000	-69.991
423	25637.000	-69.992
423	25638.000	-69.993
423	25639.000	-69.993
423	25640.000	-69.994
423	25641.000	-69.995
423	25642.000	-69.995
423	25643.000	-69.996
423	25644.000	-69.996
423	25645.000	-69.996
423	25646.000	-69.997
423	25647.000	-69.997
423	25648.000	-69.997
423	25649.000	-69.998
423	25650.000	-69.998
423	25651.000	-69.998
423	25652.000	-69.998
423	25653.000	-69.998
423	25654.000	-69.999
423	25655.000	-69.967
423	25656.000	-69.899
423	25657.000	-69.835
423	25658.000	-69.786
423	25659.000	-69.756
423	25660.000	-69.742
423	25661.000	-69.740
423	25662.000	-69.745
423	25663.000	-69.757
423	25664.000	-69.771
423	25665.000	-69.787
423	25666.000	-69.803
423	25667.000	-69.819
423	25668.000	-69.835
423	25669.000	-69.849
423	25670.000	-69.863
423	25671.000	-69.875
423	25672.000	-69.887
423	25673.000	-69.898
423	25674.000	-69.907
423	25675.000	-69.916
423	25676.000	-69.924
423	25677.000	-69.931
423	25678.000	-69.938
423	25679.000	-69.944
423	25680.000	-69.949
423	25681.000	-69.954
423	25682.000	-69.958
423	25683.000	-69.962
423	25684.000	-69.966
423	25685.000	-69.969
423	25686.000	-69.972
423	25687.000	-69.975
423	25688.000	-69.977
423	25689.000	-69.979
423	25690.000	-69.981
423	25691.000	-69.983
423	25692.000	-69.985
423	25693.000	-69.986
423	25694.000	-69.987
423	25695.000	-69.989
423	25696.000	-69.990
423	25697.000	-69.991
423	25698.000	-69.992
423	25699.000	-69.992
423	25700.000	-69.993
423	25701.000	-69.994
423	25702.000	-69.994
423	25703.000	-69.995
423	25704.000	-69.995
423	25705.000	-69.996
423	25706.000	-69.996
423	25707.000	-69.997
423	25708.000	-69.997
423	25709.000	-69.997
423	25710.000	-69.997
423	25711.000	-69.998
423	25712.000	-69.998
423	25713.000	-69.998
423	25714.000	-69.998
423	25715.000	-69.998
423	25716.000	-69.983
423	25717.000	-69.920
423	25718.000	-69.853
423	25719.000	-69.799
423	25720.000	-69.764
423	25721.000	-69.745
423	25722.000	-69.739
423	25723.000	-69.743
423	25724.000	-69.753
423	25725.000	-69.766
423	25726.000	-69.782
423	25727.000	-69.798
423	25728.000	-69.814
423	25729.000	-69.830
423	25730.000	-69.845
423	25731.000	-69.859
423	25732.000	-69.872
423	25733.000	-69.884
423	25734.000	-69.895
423	25735.000	-69.904
423	25736.000	-69.913
423	25737.000	-69.922
423	25738.000	-69.929
423	25739.000	-69.936
423	25740.000	-69.942
423	25741.000	-69.947
423	25742.000	-69.952
423	25743.000	-69.957
423	25744.000	-69.961
423	25745.000	-69.965
423	25746.000	-69.968
423	25747.000	-69.971
423	25748.000	-69.974
423	25749.000	-69.976
423	25750.000	-69.979
423	25751.000	-69.981
423	25752.000	-69.982
423	25753.000	-69.984
423	25754.000	-69.986
423	25755.000	-69.987
423	25756.000	-69.988
423	25757.000	-69.989
423	25758.000	-69.990
423	25759.000	-69.991
423	25760.000	-69.992
423	25761.000	-69.993
423	25762.000	-69.994
423	25763.000	-69.994
423	25764.000	-69.995
423	25765.000	-69.995
423	25766.000	-69.996
423	25767.000	-69.996
423	25768.000	-69.996
423	25769.000	-69.997
423	25770.000	-69.997
423	25771.000	-69.997
423	25772.000	-69.998
423	25773.000	-69.998
423	25774.000	-69.998
423	25775.000	-69.998
423	25776.000	-69.998
423	25777.000	-69.994
423	25778.000	-69.941
423	25779.000	-69.872
423	25780.000	-69.813
423	25781.000	-69.772
423	25782.000	-69.749
423	25783.000	-69.740
423	25784.000	-69.741
423	25785.000	-69.749
423	25786.000	-69.762
423	25787.000	-69.777
423	25788.000	-69.793
423	25789.000	-69.810
423	25790.000	-69.825
423	25791.000	-69.841
423	25792.000	-69.855
423	25793.000	-69.868
423	25794.000	-69.880
423	25795.000	-69.891
423	25796.000	-69.902
423	25797.000	-69.911
423	25798.000	-69.919
423	25799.000	-69.927
423	25800.000	-69.934
423	25801.000	-69.940
423	25802.000	-69.946
423	25803.000	-69.951
423	25804.000	-69.956
423	25805.000	-69.960
423	25806.000	-69.964
423	25807.000	-69.967
423	25808.000	-69.970
423	25809.000	-69.973
423	25810.000	-69.976
423	25811.000	-69.978
423	25812.000	-69.980
423	25813.000	-69.982
423	25814.000	-69.984
423	25815.000	-69.985
423	25816.000	-69.987
423	25817.000	-69.988
423	25818.000	-69.989
423	25819.000	-69.990
423	25820.000	-69.991
423	25821.000	-69.992
423	25822.000	-69.993
423	25823.000	-69.993
423	25824.000	-69.994
423	25825.000	-69.995
423	25826.000	-69.995
423	25827.000	-69.996
423	25828.000	-69.996
423	25829.000	-69.996
423	25830.000	-69.997
423	25831.000	-69.997
423	25832.000	-69.997
423	25833.000	-69.998
423	25834.000	-69.998
423	25835.000	-69.998
423	25836.000	-69.998
423	25837.000	-69.998
423	25838.000	-69.999
423	25839.000	-69.961
423	25840.000	-69.892
423	25841.000	-69.829
423	25842.000	-69.783
423	25843.000	-69.754
423	25844.000	-69.741
423	25845.000	-69.740
423	25846.000	-69.746
423	25847.000	-69.758
423	25848.000	-69.772
423	25849.000	-69.788
423	25850.000	-69.805
423	25851.000	-69.821
423	25852.000	-69.836
423	25853.000	-69.851
423	25854.000	-69.864
423	25855.000	-69.877
423	25856.000	-69.888
423	25857.000	-69.899
423	25858.000	-69.908
423	25859.000	-69.917
423	25860.000	-69.925
423	25861.000	-69.932
423	25862.000	-69.938
423	25863.000	-69.944
423	25864.000	-69.949
423	25865.000	-69.954
423	25866.000	-69.959
423	25867.000	-69.963
423	25868.000	-69.966
423	25869.000	-69.969
423	25870.000	-69.972
423	25871.000	-69.975
423	25872.000	-69.977
423	25873.000	-69.979
423	25874.000	-69.981
423	25875.000	-69.983
423	25876.000	-69.985
423	25877.000	-69.986
423	25878.000	-69.988
423	25879.000	-69.989
423	25880.000	-69.990
423	25881.000	-69.991
423	25882.000	-69.992
423	25883.000	-69.992
423	25884.000	-69.993
423	25885.000	-69.994
423	25886.000	-69.994
423	25887.000	-69.995
423	25888.000	-69.995
423	25889.000	-69.996
423	25890.000	-69.996
423	25891.000	-69.997
423	25892.000	-69.997
423	25893.000	-69.997
423	25894.000	-69.997
423	25895.000	-69.998
423	25896.000	-69.998
423	25897.000	-69.998
423	25898.000	-69.998
423	25899.000	-69.998
423	25900.000	-69.978
423	25901.000	-69.913
423	25902.000	-69.847
423	25903.000	-69.795
423	25904.000	-69.761
423	25905.000	-69.744
423	25906.000	-69.739
423	25907.000	-69.744
423	25908.000	-69.754
423	25909.000	-69.768
423	25910.000	-69.783
423	25911.000	-69.800
423	25912.000	-69.816
423	25913.000	-69.832
423	25914.000	-69.846
423	25915.000	-69.860
423	25916.000	-69.873
423	25917.000	-69.885
423	25918.000	-69.896
423	25919.000	-69.905
423	25920.000	-69.914
423	25921.000	-69.922
423	25922.000	-69.930
423	25923.000	-69.936
423	25924.000	-69.942
423	25925.000	-69.948
423	25926.000	-69.953
423	25927.000	-69.957
423	25928.000	-69.961
423	25929.000	-69.965
423	25930.000	-69.968
423	25931.000	-69.971
423	25932.000	-69.974
423	25933.000	-69.977
423	25934.000	-69.979
423	25935.000	-69.981
423	25936.000	-69.983
423	25937.000	-69.984
423	25938.000	-69.986
423	25939.000	-69.987
423	25940.000	-69.988
423	25941.000	-69.989
423	25942.000	-69.990
423	25943.000	-69.991
423	25944.000	-69.992
423	25945.000	-69.993
423	25946.000	-69.994
423	25947.000	-69.994
423	25948.000	-69.995
423	25949.000	-69.995
423	25950.000	-69.996
423	25951.000	-69.996
423	25952.000	-69.996
423	25953.000	-69.997
423	25954.000	-69.997
423	25955.000	-69.997
423	25956.000	-69.998
423	25957.000	-69.998
423	25958.000	-69.998
423	25959.000	-69.998
423	25960.000	-69.998
423	25961.000	-69.991
423	25962.000	-69.934
423	25963.000	-69.865
423	25964.000	-69.808
423	25965.000	-69.769
423	25966.000	-69.747
423	25967.000	-69.740
423	25968.000	-69.742
423	25969.000	-69.750
423	25970.000	-69.763
423	25971.000	-69.779
423	25972.000	-69.795
423	25973.000	-69.811
423	25974.000	-69.827
423	25975.000	-69.842
423	25976.000	-69.856
423	25977.000	-69.869
423	25978.000	-69.881
423	25979.000	-69.892
423	25980.000	-69.902
423	25981.000	-69.912
423	25982.000	-69.920
423	25983.000	-69.928
423	25984.000	-69.934
423	25985.000	-69.941
423	25986.000	-69.946
423	25987.000	-69.951
423	25988.000	-69.956
423	25989.000	-69.960
423	25990.000	-69.964
423	25991.000	-69.967
423	25992.000	-69.971
423	25993.000	-69.973
423	25994.000	-69.976
423	25995.000	-69.978
423	25996.000	-69.980
423	25997.000	-69.982
423	25998.000	-69.984
423	25999.000	-69.985
